time[s]	time_effective[ms]	power[1]	TO[C]	TH[C]	TOunten[C]
0	185	0	34.449	34.551	34.523
1	1001	0	34.430	34.496	34.480
2	2001	0	34.375	34.453	34.461
3	3001	0	34.383	34.418	34.438
4	4001	0	34.352	34.406	34.402
5	5001	0	34.332	34.391	34.402
6	6001	0	34.309	34.355	34.379
7	7001	0	34.285	34.336	34.352
8	8001	0	34.285	34.313	34.336
9	9001	0	34.262	34.293	34.305
10	10001	0	34.227	34.293	34.289
11	11001	0	34.223	34.270	34.273
12	12001	0	34.219	34.250	34.273
13	13001	0	34.199	34.250	34.254
14	14001	0	34.176	34.219	34.234
15	15001	0	34.145	34.207	34.211
16	16001	0	34.145	34.199	34.207
17	17001	0	34.121	34.176	34.180
18	18001	0	34.113	34.168	34.164
19	19001	0	34.102	34.137	34.160
20	20001	0	34.102	34.125	34.141
21	21001	0	34.082	34.109	34.129
22	22001	0	34.051	34.125	34.109
23	23001	0	34.043	34.090	34.070
24	24001	0	34.020	34.066	34.078
25	25001	0	34.020	34.063	34.063
26	26001	0	33.988	34.035	34.055
27	27001	0	33.969	34.039	34.035
28	28001	0	33.953	34.016	34.027
29	29001	0	33.961	34.012	34.000
30	30001	0	33.930	33.973	34.004
31	31001	0	33.937	33.969	33.992
32	32001	0	33.914	33.953	33.973
33	33001	0	33.910	33.941	33.969
34	34001	0	33.867	33.937	33.953
35	35001	0	33.867	33.926	33.922
36	36001	0	33.852	33.910	33.922
37	37001	0	33.832	33.895	33.906
38	38001	0	33.832	33.867	33.887
39	39001	0	33.805	33.848	33.867
40	40001	0	33.793	33.840	33.852
41	41001	0	33.789	33.824	33.852
42	42001	0	33.797	33.820	33.820
43	43001	0	33.758	33.816	33.824
44	44001	0	33.750	33.777	33.805
45	45001	0	33.742	33.781	33.785
46	46001	0	33.730	33.773	33.773
47	47001	0	33.711	33.746	33.773
48	48001	0	33.684	33.727	33.750
49	49001	0	33.688	33.730	33.730
50	50001	0	33.656	33.695	33.734
51	51001	0	33.672	33.703	33.730
52	52001	0	33.645	33.676	33.695
53	53001	0	33.629	33.668	33.684
54	54001	0	33.621	33.660	33.672
55	55001	0	33.621	33.645	33.656
56	56001	0	33.602	33.621	33.648
57	57001	0	33.590	33.621	33.621
58	58001	0	33.574	33.605	33.621
59	59001	0	33.555	33.617	33.602
60	60001	0	33.539	33.578	33.602
61	61001	0	33.535	33.590	33.574
62	62001	0	33.516	33.563	33.570
63	63000	0	33.504	33.551	33.555
64	64001	0	33.492	33.543	33.539
65	65001	0	33.496	33.527	33.535
66	66001	0	33.465	33.508	33.535
67	67001	0	33.469	33.492	33.516
68	68001	0	33.441	33.477	33.496
69	69001	0	33.430	33.480	33.496
70	70001	0	33.426	33.461	33.473
71	71001	0	33.422	33.457	33.469
72	72001	0	33.395	33.445	33.449
73	73001	0	33.379	33.414	33.434
74	74001	0	33.359	33.410	33.422
75	75001	0	33.371	33.395	33.434
76	76001	0	33.348	33.379	33.410
77	77001	0	33.352	33.387	33.398
78	78001	0	33.336	33.359	33.391
79	79001	0	33.312	33.340	33.367
80	80001	0	33.301	33.328	33.363
81	81001	0	33.281	33.332	33.344
82	82001	0	33.289	33.332	33.328
83	83001	0	33.258	33.285	33.320
84	84001	0	33.270	33.289	33.305
85	85001	0	33.234	33.266	33.297
86	86001	0	33.223	33.273	33.305
87	87001	0	33.211	33.262	33.258
88	88001	0	33.215	33.254	33.254
89	89001	0	33.188	33.238	33.246
90	90001	0	33.188	33.219	33.219
91	91001	0	33.168	33.211	33.227
92	92001	0	33.164	33.195	33.215
93	93001	0	33.160	33.191	33.203
94	94001	0	33.137	33.160	33.180
95	95000	0	33.137	33.152	33.180
96	96001	0	33.129	33.145	33.164
97	97001	0	33.098	33.121	33.168
98	98001	0	33.098	33.125	33.141
99	99001	0	33.086	33.109	33.125
100	100001	0	33.082	33.105	33.113
101	101001	0	33.063	33.094	33.121
102	102001	0	33.047	33.082	33.094
103	103001	0	33.035	33.059	33.074
104	104001	0	33.035	33.047	33.078
105	105001	0	33.023	33.039	33.059
106	106001	0	33.008	33.020	33.047
107	107001	0	33.004	33.012	33.043
108	108001	0	32.961	33.016	33.008
109	109001	0	32.969	32.996	33.023
110	110001	0	32.957	32.984	33.023
111	111000	0	32.949	32.988	32.996
112	112001	0	32.945	32.977	32.977
113	113001	0	32.934	32.977	32.969
114	114001	0	32.934	32.930	32.969
115	115001	0	32.918	32.930	32.953
116	116001	0	32.898	32.918	32.918
117	117001	0	32.891	32.914	32.938
118	118001	0	32.871	32.887	32.910
119	119001	0	32.875	32.883	32.898
120	120001	0	32.848	32.859	32.902
121	121001	0	32.840	32.875	32.879
122	122001	0	32.828	32.867	32.867
123	123001	0	32.832	32.840	32.887
124	124001	0	32.805	32.832	32.840
125	125001	0	32.785	32.820	32.859
126	126000	0	32.785	32.805	32.832
127	127001	0	32.762	32.797	32.824
128	128001	0	32.770	32.805	32.801
129	129001	0	32.758	32.781	32.801
130	130001	0	32.750	32.770	32.777
131	131001	0	32.734	32.766	32.773
132	132001	0	32.715	32.734	32.773
133	133001	0	32.734	32.734	32.758
134	134001	0	32.703	32.730	32.750
135	135001	0	32.703	32.707	32.742
136	136001	0	32.687	32.691	32.711
137	137001	0	32.676	32.684	32.723
138	138001	0	32.660	32.684	32.699
139	139001	0	32.648	32.668	32.699
140	140001	0	32.652	32.656	32.684
141	141000	0	32.609	32.656	32.672
142	142001	0	32.629	32.648	32.660
143	143001	0	32.609	32.637	32.652
144	144001	0	32.594	32.617	32.637
145	145001	0	32.582	32.602	32.609
146	146001	0	32.574	32.586	32.609
147	147001	0	32.570	32.594	32.605
148	148001	0	32.555	32.574	32.602
149	149001	0	32.547	32.566	32.582
150	150001	0	32.543	32.551	32.563
151	151001	0	32.516	32.555	32.578
152	152001	0	32.520	32.539	32.570
153	153001	0	32.512	32.523	32.531
154	154001	0	32.492	32.520	32.531
155	155001	0	32.492	32.512	32.535
156	156000	0	32.484	32.484	32.520
157	157001	0	32.469	32.488	32.508
158	158001	0	32.465	32.469	32.488
159	159001	0	32.449	32.477	32.484
160	160001	0	32.430	32.461	32.457
161	161001	0	32.426	32.449	32.453
162	162001	0	32.418	32.414	32.453
163	163001	0	32.406	32.410	32.430
164	164001	0	32.402	32.406	32.426
165	165001	0	32.398	32.391	32.418
166	166001	0	32.379	32.383	32.418
167	167001	0	32.367	32.379	32.414
168	168001	0	32.363	32.371	32.387
169	169001	0	32.355	32.375	32.395
170	170001	0	32.340	32.336	32.363
171	171000	0	32.320	32.332	32.359
172	172001	0	32.309	32.328	32.359
173	173001	0	32.313	32.324	32.336
174	174001	0	32.293	32.309	32.336
175	175001	0	32.293	32.297	32.320
176	176001	0	32.262	32.277	32.301
177	177001	0	32.270	32.297	32.301
178	178001	0	32.250	32.266	32.293
179	179001	0	32.242	32.258	32.262
180	180001	0	32.246	32.258	32.266
181	181001	0	32.223	32.242	32.258
182	182001	0	32.215	32.234	32.250
183	183001	0	32.215	32.203	32.219
184	184001	0	32.203	32.195	32.230
185	185001	0	32.188	32.195	32.234
186	186000	0	32.172	32.172	32.215
187	187001	0	32.168	32.172	32.211
188	188001	0	32.148	32.148	32.188
189	189001	0	32.156	32.160	32.195
190	190001	0	32.145	32.145	32.180
191	191001	0	32.133	32.129	32.180
192	192001	0	32.102	32.129	32.156
193	193001	0	32.121	32.117	32.129
194	194001	0	32.102	32.105	32.133
195	195001	0	32.090	32.098	32.133
196	196001	0	32.074	32.098	32.105
197	197001	0	32.074	32.082	32.090
198	198001	0	32.051	32.070	32.105
199	199001	0	32.043	32.047	32.074
200	200001	0	32.043	32.047	32.098
201	201000	0	32.035	32.047	32.059
202	202001	0	32.023	32.031	32.062
203	203001	0	32.027	32.016	32.062
204	204001	0	32.023	32.027	32.059
205	205001	0	32.008	31.996	32.039
206	206001	0	31.996	31.984	32.027
207	207001	0	31.973	31.969	32.004
208	208001	0	31.977	31.961	32.008
209	209001	0	31.965	31.957	32.008
210	210001	0	31.945	31.961	31.984
211	211001	0	31.941	31.953	31.969
212	212001	0	31.930	31.926	31.961
213	213001	0	31.934	31.926	31.957
214	214001	0	31.914	31.914	31.945
215	215001	0	31.922	31.918	31.941
216	216000	0	31.898	31.906	31.934
217	217001	0	31.887	31.883	31.934
218	218001	0	31.875	31.879	31.918
219	219001	0	31.863	31.879	31.906
220	220001	0	31.855	31.871	31.895
221	221001	0	31.852	31.836	31.863
222	222001	0	31.844	31.852	31.871
223	223001	0	31.820	31.832	31.859
224	224001	0	31.824	31.836	31.871
225	225001	0	31.816	31.813	31.844
226	226001	0	31.813	31.805	31.828
227	227001	0	31.797	31.805	31.813
228	228001	0	31.781	31.781	31.824
229	229001	0	31.785	31.781	31.816
230	230001	0	31.773	31.754	31.777
231	231000	0	31.766	31.770	31.777
232	232001	0	31.762	31.766	31.766
233	233001	0	31.746	31.754	31.773
234	234001	0	31.730	31.727	31.773
235	235001	0	31.715	31.703	31.758
236	236001	0	31.727	31.723	31.746
237	237001	0	31.707	31.707	31.738
238	238001	0	31.695	31.691	31.730
239	239001	0	31.699	31.676	31.707
240	240001	0	31.684	31.672	31.699
241	241001	0	31.676	31.676	31.707
242	242001	0	31.680	31.648	31.703
243	243001	0	31.660	31.660	31.680
244	244001	0	31.672	31.645	31.680
245	245001	0	31.629	31.637	31.668
246	246000	0	31.633	31.621	31.660
247	247001	0	31.609	31.602	31.660
248	248001	0	31.621	31.586	31.645
249	249001	0	31.605	31.594	31.641
250	250001	0	31.590	31.586	31.613
251	251001	0	31.590	31.586	31.617
252	252001	0	31.590	31.570	31.609
253	253001	0	31.566	31.551	31.594
254	254001	0	31.574	31.555	31.582
255	255001	0	31.563	31.547	31.570
256	256001	0	31.551	31.543	31.566
257	257001	0	31.551	31.523	31.563
258	258001	0	31.531	31.520	31.547
259	259001	0	31.512	31.504	31.555
260	260001	0	31.504	31.516	31.543
261	261001	0	31.500	31.500	31.512
262	262001	0	31.496	31.477	31.504
263	263001	0	31.488	31.484	31.508
264	264001	0	31.477	31.473	31.500
265	265001	0	31.473	31.457	31.488
266	266001	0	31.461	31.453	31.477
267	267001	0	31.445	31.449	31.484
268	268001	0	31.430	31.430	31.461
269	269001	0	31.445	31.414	31.449
270	270001	0	31.422	31.418	31.445
271	271001	0	31.430	31.387	31.445
272	272001	0	31.418	31.383	31.437
273	273001	0	31.395	31.387	31.426
274	274001	0	31.391	31.371	31.406
275	275001	0	31.383	31.371	31.414
276	276000	0	31.383	31.359	31.395
277	277001	0	31.371	31.352	31.395
278	278001	0	31.355	31.355	31.383
279	279001	0	31.344	31.348	31.383
280	280001	0	31.344	31.320	31.383
281	281001	0	31.316	31.309	31.355
282	282001	0	31.320	31.309	31.355
283	283001	0	31.324	31.309	31.348
284	284001	0	31.320	31.297	31.328
285	285001	0	31.297	31.285	31.344
286	286001	0	31.293	31.281	31.313
287	287001	0	31.285	31.258	31.332
288	288001	0	31.281	31.266	31.289
289	289001	0	31.273	31.246	31.289
290	290001	0	31.254	31.238	31.297
291	291000	0	31.250	31.242	31.285
292	292001	0	31.242	31.230	31.270
293	293001	0	31.238	31.211	31.270
294	294001	0	31.223	31.215	31.242
295	295001	0	31.223	31.195	31.227
296	296001	0	31.230	31.199	31.230
297	297001	0	31.215	31.164	31.219
298	298001	0	31.203	31.168	31.223
299	299001	0	31.195	31.172	31.211
300	300001	1	31.172	31.160	31.203
301	301001	1	31.172	31.281	31.195
302	302000	1	31.164	31.848	31.180
303	303001	1	31.148	32.637	31.188
304	304001	1	31.152	33.465	31.207
305	305001	1	31.188	34.258	31.219
306	306000	1	31.199	34.980	31.258
307	307001	1	31.238	35.672	31.301
308	308001	1	31.281	36.289	31.340
309	309001	1	31.332	36.852	31.406
310	310001	1	31.391	37.371	31.457
311	311001	1	31.457	37.852	31.539
312	312001	1	31.520	38.250	31.613
313	313001	1	31.598	38.652	31.680
314	314001	1	31.695	39.020	31.773
315	315001	1	31.770	39.363	31.848
316	316001	1	31.844	39.668	31.941
317	317001	1	31.941	39.980	32.047
318	318001	1	32.023	40.254	32.121
319	319001	1	32.102	40.512	32.207
320	320001	1	32.195	40.785	32.309
321	321001	1	32.301	41.004	32.398
322	322000	1	32.391	41.223	32.496
323	323001	1	32.473	41.430	32.582
324	324001	1	32.559	41.641	32.660
325	325001	1	32.648	41.840	32.734
326	326001	1	32.734	42.012	32.848
327	327001	1	32.809	42.156	32.918
328	328001	1	32.906	42.367	33.004
329	329001	1	33.000	42.512	33.102
330	330001	1	33.066	42.656	33.184
331	331001	1	33.152	42.816	33.285
332	332001	1	33.246	42.969	33.332
333	333001	1	33.328	43.109	33.430
334	334001	1	33.418	43.234	33.520
335	335001	1	33.488	43.352	33.590
336	336001	1	33.555	43.480	33.668
337	337000	1	33.637	43.598	33.750
338	338001	1	33.715	43.723	33.828
339	339001	1	33.793	43.812	33.910
340	340001	1	33.883	43.945	33.969
341	341001	1	33.941	44.043	34.047
342	342001	1	34.020	44.145	34.117
343	343001	1	34.094	44.246	34.191
344	344001	1	34.156	44.363	34.262
345	345001	1	34.211	44.441	34.320
346	346001	1	34.305	44.539	34.406
347	347001	1	34.371	44.633	34.469
348	348001	1	34.414	44.723	34.535
349	349001	1	34.512	44.816	34.625
350	350001	1	34.543	44.898	34.672
351	351001	1	34.633	44.996	34.727
352	352000	1	34.684	45.059	34.801
353	353001	1	34.762	45.148	34.855
354	354001	1	34.828	45.211	34.922
355	355001	1	34.871	45.297	34.980
356	356001	1	34.938	45.371	35.047
357	357001	1	34.988	45.449	35.094
358	358001	1	35.051	45.512	35.176
359	359001	1	35.121	45.602	35.207
360	360001	1	35.164	45.660	35.277
361	361001	1	35.227	45.727	35.344
362	362001	1	35.289	45.789	35.387
363	363001	1	35.359	45.863	35.465
364	364001	1	35.414	45.945	35.516
365	365001	1	35.461	46.008	35.555
366	366001	1	35.516	46.078	35.617
367	367000	1	35.582	46.129	35.664
368	368001	1	35.617	46.191	35.715
369	369001	1	35.688	46.262	35.777
370	370001	1	35.727	46.328	35.824
371	371001	1	35.777	46.379	35.891
372	372001	1	35.812	46.441	35.926
373	373001	1	35.867	46.492	35.973
374	374001	1	35.949	46.566	36.035
375	375001	1	35.988	46.617	36.098
376	376001	1	36.035	46.672	36.156
377	377001	1	36.086	46.719	36.176
378	378001	1	36.121	46.793	36.238
379	379001	1	36.160	46.840	36.289
380	380001	1	36.215	46.906	36.316
381	381001	1	36.246	46.961	36.395
382	382000	1	36.313	47.004	36.437
383	383001	1	36.379	47.059	36.469
384	384001	1	36.410	47.113	36.523
385	385001	1	36.453	47.164	36.547
386	386001	1	36.496	47.215	36.617
387	387001	1	36.563	47.254	36.656
388	388001	1	36.598	47.320	36.699
389	389001	1	36.641	47.371	36.746
390	390001	1	36.684	47.402	36.773
391	391001	1	36.738	47.465	36.840
392	392001	1	36.750	47.508	36.879
393	393001	1	36.820	47.555	36.918
394	394001	1	36.867	47.602	36.957
395	395001	1	36.902	47.652	37.012
396	396001	1	36.949	47.711	37.062
397	397000	1	36.984	47.742	37.094
398	398001	1	37.031	47.801	37.145
399	399001	1	37.086	47.848	37.172
400	400001	1	37.109	47.902	37.215
401	401001	1	37.148	47.941	37.262
402	402001	1	37.199	47.973	37.309
403	403001	1	37.211	48.023	37.344
404	404001	1	37.277	48.082	37.391
405	405001	1	37.309	48.129	37.422
406	406001	1	37.367	48.145	37.469
407	407001	1	37.398	48.199	37.512
408	408001	1	37.438	48.246	37.559
409	409001	1	37.477	48.281	37.570
410	410001	1	37.520	48.332	37.617
411	411001	1	37.563	48.395	37.676
412	412000	1	37.578	48.434	37.707
413	413001	1	37.645	48.473	37.742
414	414001	1	37.676	48.523	37.789
415	415001	1	37.707	48.555	37.820
416	416001	1	37.762	48.582	37.871
417	417001	1	37.801	48.633	37.918
418	418001	1	37.824	48.676	37.938
419	419001	1	37.867	48.703	37.984
420	420001	1	37.898	48.750	38.027
421	421001	1	37.938	48.805	38.031
422	422001	1	37.969	48.848	38.086
423	423001	1	38.020	48.875	38.125
424	424001	1	38.051	48.930	38.168
425	425001	1	38.086	48.965	38.191
426	426001	1	38.137	49.012	38.223
427	427000	1	38.152	49.043	38.297
428	428001	1	38.184	49.090	38.301
429	429001	1	38.223	49.109	38.352
430	430001	1	38.258	49.176	38.379
431	431001	1	38.293	49.203	38.434
432	432001	1	38.340	49.238	38.465
433	433001	1	38.379	49.273	38.516
434	434001	1	38.430	49.320	38.543
435	435001	1	38.441	49.355	38.570
436	436001	1	38.473	49.387	38.578
437	437001	1	38.527	49.422	38.625
438	438001	1	38.535	49.449	38.676
439	439001	1	38.566	49.484	38.688
440	440001	1	38.617	49.535	38.750
441	441001	1	38.660	49.590	38.750
442	442000	1	38.691	49.598	38.813
443	443001	1	38.723	49.633	38.848
444	444001	1	38.754	49.680	38.871
445	445001	1	38.805	49.719	38.922
446	446001	1	38.832	49.758	38.965
447	447001	1	38.871	49.793	38.977
448	448001	1	38.895	49.836	39.016
449	449001	1	38.926	49.875	39.035
450	450001	1	38.961	49.898	39.066
451	451001	1	38.980	49.953	39.109
452	452001	1	39.023	49.965	39.152
453	453001	1	39.059	49.996	39.184
454	454001	1	39.109	50.023	39.219
455	455001	1	39.102	50.070	39.250
456	456001	1	39.156	50.113	39.277
457	457000	1	39.184	50.152	39.316
458	458001	1	39.215	50.188	39.352
459	459001	1	39.250	50.215	39.379
460	460001	1	39.285	50.238	39.398
461	461001	1	39.309	50.281	39.445
462	462001	1	39.355	50.285	39.477
463	463001	1	39.367	50.344	39.512
464	464001	1	39.418	50.375	39.539
465	465001	1	39.438	50.398	39.570
466	466001	1	39.461	50.445	39.570
467	467001	1	39.504	50.477	39.617
468	468001	1	39.508	50.512	39.676
469	469001	1	39.555	50.555	39.688
470	470001	1	39.602	50.574	39.727
471	471001	1	39.637	50.605	39.758
472	472000	1	39.645	50.633	39.781
473	473001	1	39.684	50.668	39.805
474	474001	1	39.711	50.699	39.844
475	475001	1	39.742	50.738	39.887
476	476001	1	39.770	50.773	39.898
477	477001	1	39.801	50.793	39.941
478	478001	1	39.832	50.840	39.965
479	479001	1	39.883	50.855	40.004
480	480001	1	39.906	50.879	40.039
481	481001	1	39.934	50.910	40.051
482	482001	1	39.957	50.953	40.094
483	483001	1	39.980	50.977	40.109
484	484001	1	40.023	51.020	40.156
485	485001	1	40.059	51.043	40.160
486	486001	1	40.082	51.070	40.203
487	487000	1	40.098	51.113	40.223
488	488001	1	40.117	51.141	40.258
489	489001	1	40.168	51.172	40.281
490	490001	1	40.188	51.203	40.324
491	491001	1	40.203	51.211	40.348
492	492001	1	40.238	51.246	40.375
493	493001	1	40.262	51.270	40.422
494	494001	1	40.301	51.324	40.441
495	495001	1	40.344	51.344	40.453
496	496001	1	40.367	51.383	40.496
497	497001	1	40.379	51.418	40.516
498	498001	1	40.410	51.434	40.539
499	499001	1	40.449	51.461	40.582
500	500001	1	40.461	51.500	40.598
501	501001	1	40.496	51.516	40.633
502	502000	1	40.516	51.547	40.652
503	503001	1	40.543	51.574	40.684
504	504001	1	40.582	51.613	40.711
505	505001	1	40.617	51.617	40.734
506	506001	1	40.641	51.660	40.770
507	507001	1	40.660	51.699	40.801
508	508001	1	40.676	51.719	40.820
509	509001	1	40.699	51.738	40.848
510	510001	1	40.742	51.781	40.891
511	511001	1	40.766	51.789	40.902
512	512001	1	40.785	51.840	40.930
513	513001	1	40.813	51.855	40.945
514	514001	1	40.852	51.871	40.973
515	515001	1	40.879	51.918	41.004
516	516001	1	40.895	51.926	41.059
517	517000	1	40.910	51.961	41.063
518	518001	1	40.961	51.988	41.082
519	519001	1	40.969	52.004	41.121
520	520001	1	41.012	52.043	41.148
521	521001	1	41.023	52.070	41.172
522	522001	1	41.043	52.090	41.195
523	523001	1	41.082	52.113	41.219
524	524001	1	41.117	52.141	41.258
525	525001	1	41.133	52.188	41.270
526	526001	1	41.148	52.203	41.312
527	527001	1	41.172	52.234	41.316
528	528001	1	41.215	52.262	41.355
529	529001	1	41.242	52.270	41.383
530	530001	1	41.258	52.316	41.418
531	531001	1	41.270	52.332	41.422
532	532000	1	41.301	52.363	41.445
533	533001	1	41.340	52.395	41.469
534	534001	1	41.379	52.414	41.508
535	535001	1	41.367	52.441	41.539
536	536001	1	41.410	52.473	41.559
537	537001	1	41.414	52.469	41.574
538	538001	1	41.461	52.527	41.602
539	539001	1	41.484	52.551	41.633
540	540001	1	41.500	52.559	41.648
541	541001	1	41.508	52.586	41.672
542	542001	1	41.551	52.617	41.699
543	543001	1	41.574	52.641	41.723
544	544001	1	41.605	52.668	41.754
545	545001	1	41.629	52.691	41.770
546	546001	1	41.645	52.719	41.813
547	547000	1	41.672	52.750	41.824
548	548001	1	41.691	52.770	41.852
549	549001	1	41.727	52.793	41.879
550	550001	1	41.750	52.809	41.902
551	551001	1	41.781	52.840	41.934
552	552001	1	41.801	52.852	41.937
553	553001	1	41.805	52.875	41.969
554	554001	1	41.844	52.902	41.992
555	555001	1	41.879	52.926	42.004
556	556001	1	41.875	52.957	42.043
557	557001	1	41.918	52.973	42.063
558	558001	1	41.937	52.996	42.082
559	559001	1	41.961	53.027	42.109
560	560001	1	41.988	53.051	42.129
561	561001	1	42.000	53.063	42.156
562	562000	1	42.027	53.098	42.180
563	563001	1	42.051	53.117	42.207
564	564001	1	42.066	53.148	42.223
565	565001	1	42.105	53.145	42.254
566	566001	1	42.125	53.191	42.262
567	567001	1	42.148	53.223	42.301
568	568001	1	42.180	53.211	42.320
569	569001	1	42.191	53.266	42.332
570	570001	1	42.219	53.297	42.367
571	571001	1	42.238	53.297	42.379
572	572001	1	42.266	53.324	42.414
573	573001	1	42.289	53.352	42.406
574	574001	1	42.297	53.387	42.461
575	575001	1	42.320	53.387	42.480
576	576001	1	42.355	53.418	42.508
577	577001	1	42.367	53.434	42.523
578	578000	1	42.398	53.465	42.543
579	579001	1	42.438	53.500	42.551
580	580001	1	42.438	53.496	42.582
581	581001	1	42.449	53.535	42.594
582	582001	1	42.465	53.539	42.641
583	583001	1	42.516	53.551	42.641
584	584001	1	42.508	53.602	42.680
585	585001	1	42.543	53.613	42.684
586	586001	1	42.570	53.637	42.715
587	587001	1	42.586	53.660	42.719
588	588001	1	42.613	53.676	42.754
589	589001	1	42.641	53.699	42.773
590	590001	1	42.660	53.711	42.801
591	591001	1	42.676	53.758	42.828
592	592001	1	42.707	53.773	42.836
593	593000	1	42.719	53.777	42.871
594	594001	1	42.738	53.801	42.879
595	595001	1	42.746	53.820	42.906
596	596001	1	42.773	53.852	42.922
597	597001	1	42.801	53.867	42.965
598	598001	1	42.832	53.887	42.984
599	599001	1	42.848	53.922	42.980
600	600001	1	42.871	53.941	43.012
601	601001	1	42.887	53.949	43.023
602	602001	1	42.910	53.957	43.051
603	603001	1	42.926	54.000	43.066
604	604001	1	42.973	54.008	43.098
605	605001	1	42.977	54.031	43.109
606	606001	1	42.992	54.043	43.121
607	607001	1	43.008	54.078	43.168
608	608000	1	43.031	54.113	43.176
609	609001	1	43.047	54.125	43.191
610	610001	1	43.094	54.156	43.227
611	611001	1	43.090	54.176	43.242
612	612001	1	43.113	54.188	43.262
613	613001	1	43.141	54.184	43.293
614	614001	1	43.191	54.227	43.305
615	615001	1	43.172	54.238	43.328
616	616001	1	43.203	54.266	43.332
617	617001	1	43.227	54.289	43.379
618	618001	1	43.238	54.305	43.371
619	619001	1	43.266	54.316	43.406
620	620001	1	43.277	54.348	43.406
621	621001	1	43.297	54.375	43.449
622	622001	1	43.324	54.379	43.473
623	623000	1	43.332	54.391	43.484
624	624001	1	43.348	54.414	43.508
625	625001	1	43.375	54.426	43.539
626	626001	1	43.406	54.457	43.547
627	627001	1	43.395	54.484	43.555
628	628001	1	43.438	54.508	43.586
629	629001	1	43.449	54.539	43.598
630	630001	1	43.453	54.535	43.621
631	631001	1	43.500	54.559	43.648
632	632001	1	43.492	54.578	43.652
633	633001	1	43.539	54.609	43.676
634	634001	1	43.543	54.617	43.695
635	635001	1	43.566	54.637	43.719
636	636001	1	43.598	54.652	43.738
637	637001	1	43.605	54.656	43.770
638	638000	1	43.613	54.691	43.770
639	639001	1	43.641	54.688	43.785
640	640001	1	43.672	54.738	43.805
641	641001	1	43.676	54.746	43.832
642	642001	1	43.695	54.754	43.836
643	643001	1	43.719	54.781	43.852
644	644001	1	43.730	54.801	43.883
645	645001	1	43.754	54.809	43.902
646	646001	1	43.758	54.816	43.926
647	647001	1	43.781	54.844	43.941
648	648001	1	43.816	54.855	43.969
649	649001	1	43.832	54.875	43.977
650	650001	1	43.824	54.898	43.984
651	651001	1	43.863	54.926	44.012
652	652001	1	43.895	54.938	44.020
653	653000	1	43.887	54.969	44.043
654	654001	1	43.902	54.973	44.055
655	655001	1	43.941	54.992	44.082
656	656001	1	43.945	54.996	44.090
657	657001	1	43.973	55.023	44.105
658	658001	1	44.020	55.051	44.145
659	659001	1	44.016	55.074	44.156
660	660001	1	44.020	55.094	44.168
661	661001	1	44.047	55.098	44.199
662	662001	1	44.063	55.125	44.234
663	663001	1	44.066	55.133	44.234
664	664001	1	44.102	55.176	44.234
665	665001	1	44.121	55.164	44.266
666	666001	1	44.121	55.184	44.277
667	667001	1	44.137	55.207	44.309
668	668000	1	44.168	55.219	44.301
669	669001	1	44.188	55.227	44.324
670	670001	1	44.195	55.250	44.355
671	671001	1	44.207	55.273	44.363
672	672001	1	44.223	55.293	44.379
673	673001	1	44.254	55.301	44.418
674	674001	1	44.270	55.320	44.406
675	675001	1	44.270	55.344	44.434
676	676001	1	44.309	55.359	44.473
677	677001	1	44.324	55.375	44.469
678	678001	1	44.332	55.398	44.473
679	679001	1	44.348	55.398	44.504
680	680001	1	44.383	55.430	44.520
681	681001	1	44.395	55.438	44.551
682	682001	1	44.391	55.465	44.578
683	683000	1	44.410	55.477	44.547
684	684001	1	44.426	55.492	44.590
685	685001	1	44.453	55.527	44.602
686	686001	1	44.477	55.523	44.598
687	687001	1	44.484	55.551	44.641
688	688001	1	44.496	55.566	44.672
689	689001	1	44.516	55.582	44.668
690	690001	1	44.531	55.586	44.680
691	691001	1	44.559	55.602	44.719
692	692001	1	44.563	55.602	44.715
693	693001	1	44.594	55.629	44.738
694	694001	1	44.605	55.660	44.770
695	695001	1	44.613	55.672	44.773
696	696001	1	44.641	55.687	44.797
697	697001	1	44.660	55.699	44.813
698	698000	1	44.660	55.707	44.844
699	699001	1	44.684	55.734	44.832
700	700001	1	44.695	55.766	44.848
701	701001	1	44.703	55.762	44.855
702	702001	1	44.738	55.781	44.887
703	703001	1	44.746	55.793	44.906
704	704001	1	44.746	55.801	44.930
705	705001	1	44.762	55.816	44.934
706	706001	1	44.797	55.816	44.957
707	707001	1	44.809	55.852	44.957
708	708001	1	44.809	55.871	44.961
709	709001	1	44.828	55.855	45.000
710	710001	1	44.848	55.883	45.008
711	711001	1	44.863	55.895	45.012
712	712001	1	44.887	55.914	45.035
713	713000	1	44.902	55.926	45.062
714	714001	1	44.914	55.957	45.074
715	715001	1	44.926	55.969	45.055
716	716001	1	44.945	55.996	45.109
717	717001	1	44.945	55.984	45.121
718	718001	1	44.992	56.004	45.133
719	719001	1	44.984	56.023	45.152
720	720001	1	45.008	56.047	45.168
721	721001	1	45.027	56.066	45.191
722	722001	1	45.027	56.070	45.195
723	723001	1	45.055	56.082	45.215
724	724001	1	45.062	56.102	45.215
725	725001	1	45.082	56.129	45.242
726	726001	1	45.094	56.152	45.273
727	727001	1	45.113	56.160	45.281
728	728000	1	45.133	56.168	45.289
729	729001	1	45.133	56.168	45.320
730	730001	1	45.141	56.199	45.309
731	731001	1	45.188	56.207	45.320
732	732001	1	45.176	56.215	45.340
733	733001	1	45.195	56.242	45.359
734	734001	1	45.215	56.266	45.375
735	735001	1	45.234	56.277	45.383
736	736001	1	45.258	56.273	45.402
737	737001	1	45.266	56.289	45.414
738	738001	1	45.266	56.312	45.418
739	739001	1	45.293	56.324	45.453
740	740001	1	45.293	56.336	45.473
741	741001	1	45.309	56.352	45.469
742	742001	1	45.344	56.371	45.496
743	743000	1	45.355	56.387	45.500
744	744001	1	45.359	56.395	45.508
745	745001	1	45.379	56.402	45.539
746	746001	1	45.398	56.422	45.551
747	747001	1	45.406	56.438	45.566
748	748001	1	45.418	56.449	45.570
749	749001	1	45.418	56.449	45.602
750	750001	1	45.434	56.465	45.613
751	751001	1	45.477	56.457	45.617
752	752001	1	45.449	56.512	45.629
753	753001	1	45.492	56.523	45.633
754	754001	1	45.504	56.523	45.648
755	755001	1	45.508	56.551	45.656
756	756001	1	45.523	56.559	45.691
757	757001	1	45.555	56.555	45.703
758	758000	1	45.559	56.566	45.727
759	759001	1	45.582	56.598	45.719
760	760001	1	45.594	56.605	45.746
761	761001	1	45.602	56.629	45.762
762	762001	1	45.609	56.633	45.758
763	763001	1	45.629	56.652	45.793
764	764001	1	45.660	56.664	45.801
765	765001	1	45.648	56.680	45.805
766	766001	1	45.664	56.680	45.813
767	767001	1	45.687	56.695	45.852
768	768001	1	45.691	56.707	45.859
769	769001	1	45.711	56.723	45.863
770	770001	1	45.723	56.734	45.883
771	771001	1	45.734	56.770	45.902
772	772001	1	45.742	56.762	45.910
773	773000	1	45.754	56.777	45.938
774	774001	1	45.781	56.793	45.934
775	775001	1	45.793	56.805	45.949
776	776001	1	45.813	56.809	45.973
777	777001	1	45.820	56.824	45.980
778	778001	1	45.848	56.840	45.984
779	779001	1	45.844	56.848	46.004
780	780001	1	45.867	56.875	46.035
781	781001	1	45.859	56.879	46.020
782	782001	1	45.875	56.879	46.047
783	783001	1	45.891	56.895	46.063
784	784001	1	45.891	56.914	46.066
785	785001	1	45.926	56.922	46.078
786	786001	1	45.930	56.941	46.090
787	787001	1	45.922	56.949	46.113
788	788000	1	45.961	56.949	46.133
789	789001	1	45.977	56.992	46.137
790	790001	1	45.992	56.984	46.160
791	791001	1	46.020	57.004	46.184
792	792001	1	46.008	57.016	46.188
793	793001	1	46.035	57.043	46.188
794	794001	1	46.027	57.047	46.203
795	795001	1	46.043	57.066	46.211
796	796001	1	46.070	57.086	46.207
797	797001	1	46.086	57.066	46.230
798	798001	1	46.082	57.082	46.242
799	799001	1	46.094	57.086	46.258
800	800001	1	46.105	57.109	46.281
801	801001	1	46.125	57.129	46.289
802	802001	1	46.129	57.137	46.289
803	803000	1	46.156	57.160	46.312
804	804001	1	46.168	57.164	46.316
805	805001	1	46.172	57.172	46.332
806	806001	1	46.184	57.188	46.344
807	807001	1	46.219	57.180	46.355
808	808001	1	46.215	57.219	46.375
809	809001	1	46.230	57.211	46.406
810	810001	1	46.242	57.242	46.391
811	811001	1	46.266	57.246	46.402
812	812001	1	46.277	57.270	46.430
813	813001	1	46.297	57.277	46.441
814	814001	1	46.281	57.277	46.449
815	815001	1	46.301	57.297	46.465
816	816001	1	46.312	57.313	46.480
817	817001	1	46.344	57.320	46.484
818	818000	1	46.340	57.340	46.496
819	819001	1	46.324	57.332	46.531
820	820001	1	46.371	57.363	46.512
821	821001	1	46.375	57.367	46.535
822	822001	1	46.391	57.375	46.543
823	823001	1	46.391	57.383	46.570
824	824001	1	46.410	57.391	46.570
825	825001	1	46.418	57.414	46.578
826	826001	1	46.430	57.406	46.594
827	827001	1	46.441	57.422	46.605
828	828001	1	46.441	57.434	46.617
829	829001	1	46.484	57.441	46.617
830	830001	1	46.465	57.465	46.648
831	831001	1	46.508	57.480	46.652
832	832001	1	46.500	57.496	46.656
833	833001	1	46.527	57.508	46.680
834	834000	1	46.520	57.500	46.691
835	835001	1	46.555	57.516	46.688
836	836001	1	46.547	57.512	46.703
837	837001	1	46.563	57.551	46.711
838	838001	1	46.590	57.562	46.742
839	839001	1	46.602	57.586	46.746
840	840001	1	46.609	57.578	46.750
841	841001	1	46.613	57.590	46.773
842	842001	1	46.641	57.598	46.797
843	843001	1	46.625	57.617	46.781
844	844001	1	46.629	57.625	46.801
845	845001	1	46.648	57.613	46.805
846	846001	1	46.672	57.633	46.840
847	847001	1	46.691	57.645	46.832
848	848001	1	46.699	57.645	46.844
849	849000	1	46.688	57.680	46.852
850	850001	1	46.699	57.676	46.875
851	851001	1	46.711	57.684	46.887
852	852001	1	46.719	57.699	46.879
853	853001	1	46.734	57.711	46.895
854	854001	1	46.746	57.715	46.914
855	855001	1	46.770	57.730	46.918
856	856001	1	46.773	57.750	46.922
857	857001	1	46.789	57.738	46.957
858	858001	1	46.797	57.766	46.957
859	859001	1	46.805	57.781	46.957
860	860001	1	46.832	57.777	46.977
861	861001	1	46.832	57.801	46.988
862	862001	1	46.844	57.793	47.004
863	863001	1	46.855	57.809	47.008
864	864000	1	46.867	57.820	47.035
865	865001	1	46.859	57.828	47.031
866	866001	1	46.879	57.832	47.043
867	867001	1	46.895	57.848	47.051
868	868001	1	46.902	57.863	47.047
869	869001	1	46.930	57.883	47.066
870	870001	1	46.941	57.883	47.090
871	871001	1	46.934	57.898	47.098
872	872001	1	46.949	57.887	47.125
873	873001	1	46.957	57.910	47.117
874	874001	1	46.961	57.922	47.125
875	875001	1	46.977	57.922	47.133
876	876001	1	46.992	57.953	47.152
877	877001	1	46.996	57.953	47.180
878	878001	1	47.027	57.941	47.176
879	879000	1	47.039	57.969	47.188
880	880001	1	47.035	57.988	47.195
881	881001	1	47.055	57.988	47.195
882	882001	1	47.063	58.000	47.203
883	883001	1	47.066	57.996	47.230
884	884001	1	47.070	58.012	47.242
885	885001	1	47.086	58.039	47.238
886	886001	1	47.090	58.043	47.262
887	887001	1	47.113	58.059	47.258
888	888001	1	47.121	58.055	47.293
889	889001	1	47.121	58.066	47.285
890	890001	1	47.133	58.074	47.289
891	891001	1	47.148	58.078	47.301
892	892001	1	47.168	58.094	47.309
893	893001	1	47.191	58.098	47.309
894	894000	1	47.184	58.129	47.352
895	895001	1	47.203	58.121	47.348
896	896001	1	47.199	58.148	47.355
897	897001	1	47.211	58.133	47.375
898	898001	1	47.227	58.168	47.395
899	899001	1	47.230	58.145	47.395
900	900001	1	47.234	58.176	47.398
901	901001	1	47.273	58.195	47.391
902	902001	1	47.285	58.195	47.434
903	903001	1	47.277	58.199	47.438
904	904001	1	47.262	58.223	47.434
905	905001	1	47.305	58.223	47.457
906	906001	1	47.305	58.223	47.465
907	907001	1	47.305	58.234	47.473
908	908001	1	47.320	58.230	47.480
909	909000	1	47.328	58.266	47.496
910	910001	1	47.328	58.277	47.496
911	911001	1	47.363	58.273	47.516
912	912001	1	47.363	58.285	47.516
913	913001	1	47.359	58.293	47.535
914	914001	1	47.375	58.305	47.527
915	915001	1	47.391	58.316	47.551
916	916001	1	47.387	58.309	47.551
917	917001	1	47.430	58.336	47.578
918	918001	1	47.430	58.344	47.586
919	919001	1	47.453	58.363	47.574
920	920001	1	47.445	58.359	47.590
921	921001	1	47.441	58.348	47.605
922	922001	1	47.445	58.383	47.613
923	923001	1	47.461	58.379	47.633
924	924000	1	47.477	58.383	47.617
925	925001	1	47.484	58.406	47.645
926	926001	1	47.500	58.410	47.652
927	927001	1	47.496	58.418	47.676
928	928001	1	47.508	58.426	47.664
929	929001	1	47.520	58.445	47.668
930	930001	1	47.539	58.441	47.699
931	931001	1	47.547	58.457	47.707
932	932001	1	47.559	58.480	47.711
933	933001	1	47.570	58.453	47.730
934	934001	1	47.574	58.469	47.730
935	935001	1	47.574	58.480	47.742
936	936001	1	47.582	58.504	47.750
937	937001	1	47.613	58.504	47.762
938	938001	1	47.609	58.508	47.770
939	939000	1	47.609	58.535	47.758
940	940001	1	47.629	58.531	47.762
941	941001	1	47.629	58.535	47.785
942	942001	1	47.648	58.547	47.801
943	943001	1	47.672	58.566	47.809
944	944001	1	47.656	58.563	47.813
945	945001	1	47.652	58.582	47.828
946	946001	1	47.688	58.574	47.844
947	947001	1	47.684	58.598	47.840
948	948001	1	47.707	58.598	47.855
949	949001	1	47.719	58.613	47.871
950	950001	1	47.711	58.609	47.875
951	951001	1	47.734	58.645	47.883
952	952001	1	47.727	58.621	47.895
953	953001	1	47.742	58.645	47.910
954	954001	1	47.738	58.652	47.918
955	955001	1	47.766	58.645	47.918
956	956001	1	47.777	58.664	47.922
957	957001	1	47.770	58.672	47.938
958	958001	1	47.793	58.676	47.949
959	959001	1	47.813	58.695	47.965
960	960001	1	47.809	58.695	47.969
961	961001	1	47.828	58.699	47.973
962	962001	1	47.840	58.727	47.984
963	963001	1	47.820	58.711	47.992
964	964001	1	47.844	58.723	47.988
965	965001	1	47.852	58.734	48.020
966	966001	1	47.848	58.738	48.012
967	967001	1	47.867	58.750	48.027
968	968001	1	47.859	58.754	48.031
969	969000	1	47.891	58.762	48.031
970	970001	1	47.895	58.781	48.047
971	971001	1	47.906	58.781	48.070
972	972001	1	47.918	58.805	48.059
973	973001	1	47.914	58.812	48.086
974	974001	1	47.926	58.812	48.078
975	975001	1	47.926	58.824	48.090
976	976001	1	47.941	58.809	48.105
977	977001	1	47.973	58.832	48.082
978	978001	1	47.961	58.836	48.117
979	979001	1	47.980	58.840	48.125
980	980001	1	47.988	58.848	48.133
981	981001	1	47.988	58.863	48.152
982	982001	1	48.000	58.875	48.164
983	983001	1	47.988	58.875	48.148
984	984000	1	48.008	58.883	48.168
985	985001	1	48.012	58.891	48.180
986	986001	1	48.023	58.910	48.187
987	987001	1	48.023	58.906	48.191
988	988001	1	48.055	58.879	48.207
989	989001	1	48.055	58.941	48.199
990	990001	1	48.055	58.934	48.223
991	991001	1	48.055	58.926	48.219
992	992001	1	48.090	58.934	48.230
993	993001	1	48.082	58.957	48.230
994	994001	1	48.074	58.957	48.258
995	995001	1	48.105	58.969	48.254
996	996001	1	48.105	58.977	48.273
997	997001	1	48.117	58.961	48.281
998	998001	1	48.121	58.977	48.289
999	999000	1	48.133	58.996	48.281
1000	1000001	1	48.141	59.000	48.301
1001	1001001	1	48.145	59.000	48.309
1002	1002001	1	48.145	59.016	48.332
1003	1003001	1	48.164	59.031	48.332
1004	1004001	1	48.180	59.039	48.324
1005	1005001	1	48.176	59.039	48.352
1006	1006001	1	48.219	59.059	48.352
1007	1007001	1	48.180	59.066	48.352
1008	1008001	1	48.203	59.066	48.352
1009	1009001	1	48.215	59.070	48.363
1010	1010001	1	48.215	59.082	48.367
1011	1011001	1	48.234	59.082	48.375
1012	1012001	1	48.211	59.086	48.402
1013	1013000	1	48.242	59.086	48.379
1014	1014001	1	48.250	59.102	48.402
1015	1015001	1	48.262	59.102	48.418
1016	1016001	1	48.258	59.117	48.418
1017	1017001	1	48.270	59.125	48.430
1018	1018001	1	48.285	59.145	48.430
1019	1019001	1	48.289	59.148	48.441
1020	1020001	1	48.301	59.148	48.449
1021	1021001	1	48.313	59.145	48.461
1022	1022001	1	48.316	59.152	48.480
1023	1023001	1	48.313	59.180	48.488
1024	1024001	1	48.328	59.168	48.488
1025	1025001	1	48.340	59.180	48.492
1026	1026001	1	48.344	59.195	48.512
1027	1027001	1	48.355	59.191	48.520
1028	1028000	1	48.363	59.191	48.520
1029	1029001	1	48.359	59.211	48.531
1030	1030001	1	48.383	59.219	48.539
1031	1031001	1	48.383	59.223	48.535
1032	1032001	1	48.375	59.242	48.551
1033	1033001	1	48.391	59.234	48.539
1034	1034001	1	48.387	59.238	48.555
1035	1035001	1	48.402	59.238	48.574
1036	1036001	1	48.402	59.250	48.582
1037	1037001	1	48.438	59.262	48.590
1038	1038001	1	48.422	59.262	48.605
1039	1039001	1	48.441	59.270	48.590
1040	1040001	1	48.438	59.270	48.602
1041	1041001	1	48.453	59.285	48.625
1042	1042001	1	48.453	59.285	48.613
1043	1043001	1	48.465	59.297	48.613
1044	1044001	1	48.480	59.301	48.621
1045	1045001	1	48.480	59.320	48.641
1046	1046001	1	48.473	59.316	48.648
1047	1047001	1	48.492	59.328	48.633
1048	1048001	1	48.508	59.332	48.664
1049	1049001	1	48.523	59.344	48.668
1050	1050001	1	48.520	59.363	48.672
1051	1051001	1	48.531	59.379	48.684
1052	1052001	1	48.539	59.367	48.672
1053	1053001	1	48.535	59.379	48.691
1054	1054001	1	48.531	59.379	48.699
1055	1055001	1	48.559	59.391	48.711
1056	1056001	1	48.574	59.395	48.715
1057	1057001	1	48.555	59.391	48.707
1058	1058001	1	48.590	59.402	48.734
1059	1059001	1	48.582	59.402	48.734
1060	1060001	1	48.594	59.426	48.758
1061	1061001	1	48.594	59.418	48.742
1062	1062001	1	48.594	59.422	48.750
1063	1063001	1	48.625	59.426	48.770
1064	1064001	1	48.645	59.445	48.785
1065	1065001	1	48.617	59.437	48.801
1066	1066001	1	48.633	59.445	48.785
1067	1067001	1	48.637	59.457	48.809
1068	1068001	1	48.637	59.473	48.789
1069	1069001	1	48.645	59.453	48.797
1070	1070000	1	48.656	59.477	48.805
1071	1071001	1	48.648	59.480	48.820
1072	1072001	1	48.676	59.480	48.840
1073	1073001	1	48.668	59.500	48.832
1074	1074001	1	48.703	59.504	48.832
1075	1075001	1	48.680	59.504	48.875
1076	1076001	1	48.699	59.508	48.848
1077	1077001	1	48.703	59.520	48.859
1078	1078001	1	48.715	59.535	48.891
1079	1079001	1	48.711	59.543	48.859
1080	1080001	1	48.707	59.539	48.898
1081	1081001	1	48.723	59.535	48.895
1082	1082001	1	48.734	59.543	48.906
1083	1083001	1	48.758	59.570	48.898
1084	1084001	1	48.734	59.578	48.906
1085	1085000	1	48.758	59.563	48.906
1086	1086001	1	48.766	59.582	48.922
1087	1087001	1	48.770	59.590	48.930
1088	1088001	1	48.777	59.590	48.941
1089	1089001	1	48.785	59.602	48.945
1090	1090001	1	48.793	59.605	48.953
1091	1091001	1	48.785	59.586	48.957
1092	1092001	1	48.797	59.617	48.961
1093	1093001	1	48.816	59.609	48.953
1094	1094001	1	48.805	59.633	48.961
1095	1095001	1	48.816	59.629	49.004
1096	1096001	1	48.836	59.648	49.008
1097	1097001	1	48.840	59.633	49.012
1098	1098001	1	48.832	59.656	49.008
1099	1099000	1	48.836	59.645	49.020
1100	1100001	1	48.863	59.652	49.031
1101	1101001	1	48.855	59.664	49.027
1102	1102001	1	48.875	59.668	49.027
1103	1103001	1	48.871	59.668	49.031
1104	1104001	1	48.891	59.688	49.043
1105	1105001	1	48.895	59.684	49.043
1106	1106001	1	48.887	59.691	49.047
1107	1107001	1	48.906	59.680	49.051
1108	1108001	1	48.918	59.695	49.059
1109	1109001	1	48.926	59.707	49.082
1110	1110001	1	48.926	59.711	49.066
1111	1111001	1	48.938	59.715	49.082
1112	1112001	1	48.938	59.719	49.082
1113	1113000	1	48.938	59.738	49.102
1114	1114001	1	48.949	59.742	49.098
1115	1115001	1	48.961	59.742	49.121
1116	1116001	1	48.965	59.750	49.102
1117	1117001	1	48.957	59.754	49.113
1118	1118001	1	48.973	59.766	49.117
1119	1119001	1	48.957	59.746	49.129
1120	1120001	1	48.969	59.770	49.133
1121	1121001	1	49.004	59.754	49.148
1122	1122001	1	48.988	59.801	49.152
1123	1123001	1	48.992	59.793	49.152
1124	1124001	1	49.031	59.809	49.168
1125	1125001	1	49.012	59.816	49.164
1126	1126001	1	49.012	59.809	49.172
1127	1127000	1	49.020	59.820	49.180
1128	1128001	1	49.031	59.820	49.176
1129	1129001	1	49.020	59.816	49.199
1130	1130001	1	49.047	59.824	49.184
1131	1131001	1	49.043	59.836	49.203
1132	1132001	1	49.051	59.840	49.199
1133	1133001	1	49.066	59.844	49.215
1134	1134001	1	49.063	59.855	49.223
1135	1135001	1	49.078	59.855	49.211
1136	1136001	1	49.063	59.859	49.250
1137	1137001	1	49.082	59.859	49.230
1138	1138001	1	49.078	59.859	49.242
1139	1139001	1	49.090	59.863	49.254
1140	1140001	1	49.102	59.875	49.242
1141	1141000	1	49.098	59.887	49.273
1142	1142001	1	49.105	59.895	49.254
1143	1143001	1	49.109	59.898	49.285
1144	1144001	1	49.129	59.895	49.281
1145	1145001	1	49.133	59.895	49.277
1146	1146001	1	49.125	59.887	49.293
1147	1147001	1	49.137	59.922	49.297
1148	1148001	1	49.137	59.938	49.305
1149	1149001	1	49.141	59.922	49.309
1150	1150001	1	49.141	59.938	49.320
1151	1151001	1	49.160	59.953	49.316
1152	1152001	1	49.172	59.949	49.313
1153	1153001	1	49.168	59.957	49.332
1154	1154001	1	49.176	59.949	49.320
1155	1155001	1	49.184	59.969	49.344
1156	1156000	1	49.180	59.973	49.344
1157	1157001	1	49.176	59.980	49.348
1158	1158001	1	49.203	59.957	49.359
1159	1159001	1	49.199	59.973	49.359
1160	1160001	1	49.191	59.996	49.367
1161	1161001	1	49.211	59.988	49.387
1162	1162001	1	49.219	59.965	49.375
1163	1163001	1	49.219	59.992	49.383
1164	1164001	1	49.211	59.984	49.379
1165	1165001	1	49.234	59.992	49.395
1166	1166001	1	49.246	60.012	49.398
1167	1167001	1	49.258	60.004	49.387
1168	1168001	1	49.246	60.020	49.402
1169	1169001	1	49.246	60.031	49.414
1170	1170000	1	49.254	60.020	49.426
1171	1171001	1	49.273	60.051	49.430
1172	1172001	1	49.277	60.035	49.437
1173	1173001	1	49.293	60.051	49.437
1174	1174001	1	49.281	60.055	49.445
1175	1175001	1	49.297	60.047	49.449
1176	1176001	1	49.297	60.051	49.461
1177	1177001	1	49.309	60.062	49.461
1178	1178001	1	49.316	60.062	49.461
1179	1179001	1	49.309	60.078	49.484
1180	1180001	1	49.320	60.074	49.484
1181	1181001	1	49.324	60.090	49.492
1182	1182001	1	49.332	60.090	49.492
1183	1183001	1	49.352	60.070	49.504
1184	1184000	1	49.332	60.094	49.496
1185	1185001	1	49.324	60.102	49.508
1186	1186001	1	49.348	60.102	49.496
1187	1187001	1	49.348	60.125	49.516
1188	1188001	1	49.363	60.125	49.523
1189	1189001	1	49.371	60.125	49.539
1190	1190001	1	49.379	60.113	49.520
1191	1191001	1	49.371	60.137	49.539
1192	1192001	1	49.395	60.141	49.520
1193	1193001	1	49.379	60.152	49.543
1194	1194001	1	49.395	60.145	49.539
1195	1195001	1	49.410	60.152	49.551
1196	1196001	1	49.387	60.129	49.563
1197	1197001	1	49.410	60.160	49.555
1198	1198000	1	49.398	60.152	49.563
1199	1199001	1	49.426	60.172	49.574
1200	1200001	1	49.410	60.180	49.578
1201	1201001	1	49.430	60.180	49.578
1202	1202001	1	49.422	60.195	49.590
1203	1203001	1	49.418	60.188	49.586
1204	1204001	1	49.441	60.184	49.602
1205	1205001	1	49.445	60.195	49.602
1206	1206001	1	49.453	60.188	49.617
1207	1207001	1	49.453	60.195	49.621
1208	1208001	1	49.441	60.207	49.613
1209	1209001	1	49.457	60.203	49.637
1210	1210001	1	49.488	60.211	49.633
1211	1211001	1	49.477	60.219	49.637
1212	1212001	1	49.477	60.227	49.645
1213	1213000	1	49.480	60.223	49.637
1214	1214001	1	49.484	60.242	49.660
1215	1215001	1	49.496	60.250	49.664
1216	1216001	1	49.484	60.242	49.668
1217	1217001	1	49.512	60.242	49.680
1218	1218001	1	49.496	60.250	49.668
1219	1219001	1	49.508	60.273	49.672
1220	1220001	1	49.512	60.270	49.688
1221	1221001	1	49.516	60.266	49.684
1222	1222001	1	49.512	60.254	49.684
1223	1223001	1	49.547	60.266	49.688
1224	1224001	1	49.527	60.254	49.703
1225	1225001	1	49.555	60.266	49.676
1226	1226001	1	49.531	60.273	49.711
1227	1227001	1	49.547	60.285	49.707
1228	1228001	1	49.535	60.273	49.707
1229	1229001	1	49.547	60.281	49.707
1230	1230001	1	49.555	60.285	49.707
1231	1231001	1	49.563	60.297	49.727
1232	1232001	1	49.559	60.289	49.746
1233	1233001	1	49.570	60.305	49.723
1234	1234001	1	49.570	60.305	49.734
1235	1235001	1	49.590	60.309	49.742
1236	1236001	1	49.574	60.316	49.750
1237	1237001	1	49.594	60.309	49.750
1238	1238001	1	49.574	60.320	49.762
1239	1239001	1	49.582	60.332	49.746
1240	1240001	1	49.594	60.328	49.770
1241	1241000	1	49.598	60.324	49.766
1242	1242001	1	49.594	60.355	49.762
1243	1243001	1	49.594	60.320	49.781
1244	1244001	1	49.605	60.355	49.770
1245	1245001	1	49.617	60.363	49.777
1246	1246001	1	49.598	60.355	49.785
1247	1247001	1	49.629	60.359	49.777
1248	1248001	1	49.641	60.375	49.781
1249	1249001	1	49.637	60.352	49.793
1250	1250001	1	49.648	60.383	49.793
1251	1251001	1	49.645	60.375	49.809
1252	1252001	1	49.648	60.395	49.816
1253	1253001	1	49.668	60.395	49.832
1254	1254001	1	49.672	60.402	49.848
1255	1255000	1	49.672	60.391	49.852
1256	1256001	1	49.672	60.406	49.824
1257	1257001	1	49.668	60.395	49.840
1258	1258001	1	49.688	60.414	49.840
1259	1259001	1	49.688	60.418	49.863
1260	1260001	1	49.695	60.426	49.871
1261	1261001	1	49.703	60.430	49.867
1262	1262001	1	49.711	60.414	49.871
1263	1263001	1	49.703	60.434	49.863
1264	1264001	1	49.723	60.438	49.875
1265	1265001	1	49.730	60.438	49.879
1266	1266001	1	49.723	60.453	49.883
1267	1267001	1	49.727	60.441	49.895
1268	1268001	1	49.734	60.461	49.887
1269	1269000	1	49.730	60.469	49.902
1270	1270001	1	49.742	60.469	49.902
1271	1271001	1	49.754	60.469	49.910
1272	1272001	1	49.738	60.469	49.922
1273	1273001	1	49.750	60.480	49.910
1274	1274001	1	49.746	60.480	49.914
1275	1275001	1	49.781	60.496	49.934
1276	1276001	1	49.777	60.469	49.922
1277	1277001	1	49.770	60.492	49.938
1278	1278001	1	49.797	60.492	49.945
1279	1279001	1	49.781	60.496	49.941
1280	1280001	1	49.801	60.492	49.957
1281	1281001	1	49.785	60.504	49.953
1282	1282001	1	49.801	60.520	49.957
1283	1283001	1	49.816	60.512	49.953
1284	1284000	1	49.816	60.512	49.949
1285	1285001	1	49.805	60.527	49.969
1286	1286001	1	49.820	60.527	49.973
1287	1287001	1	49.813	60.551	49.977
1288	1288001	1	49.824	60.539	49.988
1289	1289001	1	49.840	60.523	49.984
1290	1290001	1	49.820	60.535	50.000
1291	1291001	1	49.832	60.547	49.996
1292	1292001	1	49.855	60.563	50.008
1293	1293001	1	49.844	60.555	50.012
1294	1294001	1	49.852	60.559	50.016
1295	1295001	1	49.852	60.559	50.020
1296	1296001	1	49.871	60.563	50.012
1297	1297001	1	49.875	60.570	50.027
1298	1298000	1	49.859	60.586	50.031
1299	1299001	1	49.875	60.582	50.035
1300	1300001	1	49.863	60.598	50.039
1301	1301001	1	49.887	60.570	50.059
1302	1302001	1	49.871	60.594	50.039
1303	1303001	1	49.883	60.590	50.043
1304	1304001	1	49.906	60.590	50.047
1305	1305001	1	49.887	60.590	50.059
1306	1306001	1	49.898	60.605	50.059
1307	1307001	1	49.918	60.609	50.055
1308	1308001	1	49.918	60.617	50.070
1309	1309001	1	49.906	60.621	50.078
1310	1310001	1	49.906	60.617	50.066
1311	1311001	1	49.926	60.629	50.078
1312	1312000	1	49.914	60.613	50.098
1313	1313001	1	49.914	60.641	50.094
1314	1314001	1	49.941	60.641	50.094
1315	1315001	1	49.938	60.648	50.105
1316	1316001	1	49.941	60.633	50.086
1317	1317001	1	49.922	60.641	50.117
1318	1318001	1	49.930	60.664	50.121
1319	1319001	1	49.945	60.660	50.109
1320	1320001	1	49.961	60.656	50.113
1321	1321001	1	49.957	60.648	50.113
1322	1322001	1	49.961	60.656	50.129
1323	1323001	1	49.973	60.676	50.125
1324	1324001	1	49.957	60.660	50.129
1325	1325001	1	49.980	60.660	50.133
1326	1326000	1	49.969	60.668	50.141
1327	1327001	1	49.984	60.676	50.148
1328	1328001	1	49.988	60.676	50.168
1329	1329001	1	49.988	60.711	50.152
1330	1330001	1	50.004	60.691	50.168
1331	1331001	1	49.996	60.691	50.164
1332	1332001	1	50.008	60.703	50.160
1333	1333001	1	50.016	60.711	50.160
1334	1334001	1	50.000	60.707	50.164
1335	1335001	1	50.020	60.711	50.180
1336	1336001	1	50.016	60.715	50.191
1337	1337001	1	50.012	60.723	50.191
1338	1338001	1	50.023	60.707	50.191
1339	1339001	1	50.039	60.719	50.199
1340	1340001	1	50.031	60.730	50.191
1341	1341000	1	50.035	60.715	50.207
1342	1342001	1	50.031	60.738	50.203
1343	1343001	1	50.047	60.727	50.219
1344	1344001	1	50.043	60.738	50.211
1345	1345001	1	50.043	60.746	50.215
1346	1346001	1	50.059	60.750	50.227
1347	1347001	1	50.066	60.742	50.230
1348	1348001	1	50.074	60.750	50.234
1349	1349001	1	50.062	60.746	50.227
1350	1350001	1	50.074	60.762	50.230
1351	1351001	1	50.094	60.766	50.234
1352	1352001	1	50.066	60.770	50.254
1353	1353001	1	50.078	60.766	50.254
1354	1354001	1	50.094	60.770	50.262
1355	1355000	1	50.102	60.758	50.262
1356	1356001	1	50.090	60.781	50.262
1357	1357001	1	50.082	60.777	50.273
1358	1358001	1	50.102	60.766	50.266
1359	1359001	1	50.082	60.785	50.266
1360	1360001	1	50.105	60.789	50.270
1361	1361001	1	50.121	60.801	50.277
1362	1362001	1	50.102	60.785	50.293
1363	1363001	1	50.129	60.813	50.293
1364	1364001	1	50.125	60.805	50.285
1365	1365001	1	50.141	60.797	50.289
1366	1366001	1	50.129	60.809	50.293
1367	1367001	1	50.129	60.820	50.301
1368	1368001	1	50.141	60.836	50.313
1369	1369000	1	50.129	60.820	50.301
1370	1370001	1	50.156	60.828	50.316
1371	1371001	1	50.145	60.824	50.320
1372	1372001	1	50.168	60.836	50.309
1373	1373001	1	50.168	60.840	50.324
1374	1374001	1	50.156	60.820	50.336
1375	1375001	1	50.152	60.824	50.324
1376	1376001	1	50.156	60.859	50.340
1377	1377001	1	50.176	60.840	50.328
1378	1378001	1	50.180	60.867	50.328
1379	1379001	1	50.191	60.855	50.324
1380	1380001	1	50.184	60.863	50.340
1381	1381001	1	50.191	60.863	50.352
1382	1382001	1	50.191	60.859	50.355
1383	1383000	1	50.207	60.875	50.352
1384	1384001	1	50.191	60.891	50.344
1385	1385001	1	50.219	60.871	50.359
1386	1386001	1	50.203	60.887	50.359
1387	1387001	1	50.211	60.898	50.359
1388	1388001	1	50.207	60.910	50.387
1389	1389001	1	50.211	60.883	50.371
1390	1390001	1	50.238	60.887	50.383
1391	1391001	1	50.215	60.922	50.387
1392	1392001	1	50.227	60.898	50.395
1393	1393001	1	50.238	60.895	50.398
1394	1394001	1	50.242	60.898	50.383
1395	1395001	1	50.238	60.902	50.398
1396	1396001	1	50.238	60.898	50.395
1397	1397000	1	50.254	60.906	50.410
1398	1398001	1	50.246	60.918	50.422
1399	1399001	1	50.254	60.914	50.406
1400	1400001	1	50.266	60.922	50.434
1401	1401001	1	50.266	60.926	50.434
1402	1402001	1	50.258	60.926	50.430
1403	1403001	1	50.262	60.930	50.438
1404	1404001	1	50.258	60.918	50.430
1405	1405001	1	50.266	60.945	50.438
1406	1406001	1	50.266	60.941	50.445
1407	1407001	1	50.277	60.949	50.445
1408	1408001	1	50.289	60.941	50.465
1409	1409001	1	50.285	60.949	50.457
1410	1410001	1	50.289	60.957	50.469
1411	1411001	1	50.281	60.938	50.461
1412	1412000	1	50.285	60.941	50.461
1413	1413001	1	50.270	60.965	50.465
1414	1414001	1	50.289	60.953	50.453
1415	1415001	1	50.297	60.965	50.469
1416	1416001	1	50.289	60.973	50.477
1417	1417001	1	50.305	60.984	50.457
1418	1418001	1	50.316	60.988	50.484
1419	1419001	1	50.313	60.977	50.488
1420	1420001	1	50.324	60.996	50.488
1421	1421001	1	50.324	60.980	50.477
1422	1422001	1	50.320	61.008	50.480
1423	1423001	1	50.328	61.016	50.504
1424	1424001	1	50.352	60.996	50.516
1425	1425001	1	50.332	60.992	50.504
1426	1426000	1	50.344	61.008	50.527
1427	1427001	1	50.359	61.016	50.504
1428	1428001	1	50.344	61.004	50.520
1429	1429001	1	50.348	61.020	50.523
1430	1430001	1	50.344	61.008	50.527
1431	1431001	1	50.363	61.027	50.523
1432	1432001	1	50.371	61.020	50.539
1433	1433001	1	50.371	61.012	50.516
1434	1434001	1	50.363	61.043	50.535
1435	1435001	1	50.371	61.023	50.547
1436	1436001	1	50.387	61.043	50.543
1437	1437001	1	50.379	61.031	50.555
1438	1438001	1	50.375	61.023	50.543
1439	1439001	1	50.387	61.047	50.547
1440	1440001	1	50.402	61.043	50.555
1441	1441001	1	50.391	61.047	50.551
1442	1442001	1	50.398	61.059	50.566
1443	1443001	1	50.406	61.051	50.574
1444	1444001	1	50.406	61.063	50.574
1445	1445001	1	50.391	61.074	50.574
1446	1446001	1	50.414	61.074	50.574
1447	1447001	1	50.422	61.043	50.586
1448	1448001	1	50.422	61.063	50.586
1449	1449001	1	50.430	61.070	50.617
1450	1450001	1	50.438	61.090	50.590
1451	1451001	1	50.422	61.070	50.598
1452	1452001	1	50.414	61.078	50.602
1453	1453001	1	50.434	61.090	50.605
1454	1454001	1	50.434	61.078	50.594
1455	1455001	1	50.434	61.090	50.594
1456	1456001	1	50.441	61.086	50.613
1457	1457001	1	50.438	61.102	50.598
1458	1458001	1	50.438	61.098	50.609
1459	1459001	1	50.441	61.090	50.605
1460	1460001	1	50.457	61.098	50.609
1461	1461001	1	50.445	61.094	50.625
1462	1462001	1	50.457	61.117	50.617
1463	1463001	1	50.457	61.113	50.629
1464	1464001	1	50.453	61.094	50.617
1465	1465001	1	50.461	61.125	50.633
1466	1466001	1	50.477	61.113	50.637
1467	1467001	1	50.465	61.113	50.637
1468	1468001	1	50.457	61.113	50.645
1469	1469000	1	50.461	61.113	50.660
1470	1470001	1	50.484	61.141	50.648
1471	1471001	1	50.504	61.113	50.641
1472	1472001	1	50.484	61.137	50.652
1473	1473001	1	50.500	61.148	50.676
1474	1474001	1	50.477	61.145	50.660
1475	1475001	1	50.496	61.152	50.672
1476	1476001	1	50.512	61.145	50.664
1477	1477001	1	50.500	61.164	50.656
1478	1478001	1	50.516	61.156	50.687
1479	1479001	1	50.504	61.160	50.684
1480	1480001	1	50.520	61.148	50.687
1481	1481001	1	50.516	61.160	50.680
1482	1482001	1	50.527	61.172	50.676
1483	1483000	1	50.539	61.156	50.687
1484	1484001	1	50.535	61.184	50.687
1485	1485001	1	50.535	61.172	50.691
1486	1486001	1	50.543	61.184	50.691
1487	1487001	1	50.523	61.184	50.703
1488	1488001	1	50.539	61.199	50.699
1489	1489001	1	50.559	61.180	50.719
1490	1490001	1	50.551	61.188	50.707
1491	1491001	1	50.555	61.184	50.699
1492	1492001	1	50.555	61.188	50.715
1493	1493001	1	50.547	61.199	50.715
1494	1494001	1	50.574	61.207	50.703
1495	1495001	1	50.574	61.199	50.727
1496	1496001	1	50.566	61.203	50.738
1497	1497000	1	50.551	61.207	50.730
1498	1498001	1	50.586	61.219	50.742
1499	1499001	1	50.582	61.230	50.727
1500	1500001	1	50.574	61.211	50.746
1501	1501001	1	50.586	61.215	50.734
1502	1502001	1	50.590	61.219	50.750
1503	1503001	1	50.578	61.223	50.766
1504	1504001	1	50.590	61.230	50.750
1505	1505001	1	50.609	61.223	50.762
1506	1506001	1	50.602	61.234	50.758
1507	1507001	1	50.594	61.219	50.754
1508	1508001	1	50.598	61.242	50.754
1509	1509001	1	50.605	61.234	50.777
1510	1510001	1	50.605	61.246	50.781
1511	1511000	1	50.605	61.227	50.773
1512	1512001	1	50.602	61.250	50.770
1513	1513001	1	50.605	61.234	50.797
1514	1514001	1	50.605	61.266	50.789
1515	1515001	1	50.605	61.242	50.777
1516	1516000	1	50.617	61.238	50.797
1517	1517001	1	50.613	61.246	50.785
1518	1518001	1	50.629	61.262	50.801
1519	1519001	1	50.629	61.254	50.785
1520	1520001	1	50.645	61.242	50.789
1521	1521001	1	50.633	61.254	50.793
1522	1522001	1	50.641	61.285	50.813
1523	1523001	1	50.633	61.258	50.805
1524	1524001	1	50.637	61.285	50.805
1525	1525000	1	50.637	61.270	50.813
1526	1526001	1	50.637	61.273	50.809
1527	1527001	1	50.656	61.285	50.813
1528	1528001	1	50.652	61.293	50.820
1529	1529001	1	50.664	61.281	50.816
1530	1530001	1	50.660	61.293	50.809
1531	1531001	1	50.691	61.301	50.828
1532	1532001	1	50.680	61.285	50.836
1533	1533001	1	50.680	61.301	50.832
1534	1534001	1	50.680	61.316	50.840
1535	1535001	1	50.672	61.297	50.836
1536	1536001	1	50.684	61.297	50.852
1537	1537001	1	50.684	61.312	50.844
1538	1538001	1	50.668	61.309	50.859
1539	1539001	1	50.687	61.309	50.867
1540	1540000	1	50.687	61.312	50.855
1541	1541001	1	50.687	61.316	50.844
1542	1542001	1	50.699	61.309	50.859
1543	1543001	1	50.691	61.312	50.871
1544	1544001	1	50.691	61.312	50.867
1545	1545001	1	50.711	61.301	50.859
1546	1546001	1	50.715	61.328	50.879
1547	1547001	1	50.711	61.312	50.848
1548	1548001	1	50.711	61.324	50.891
1549	1549001	1	50.715	61.336	50.891
1550	1550001	1	50.699	61.324	50.887
1551	1551001	1	50.707	61.336	50.895
1552	1552001	1	50.699	61.328	50.879
1553	1553001	1	50.719	61.328	50.883
1554	1554000	1	50.734	61.332	50.871
1555	1555001	1	50.730	61.344	50.879
1556	1556001	1	50.734	61.348	50.895
1557	1557001	1	50.746	61.336	50.906
1558	1558001	1	50.727	61.367	50.887
1559	1559001	1	50.734	61.328	50.902
1560	1560001	1	50.738	61.348	50.906
1561	1561001	1	50.738	61.352	50.914
1562	1562001	1	50.758	61.336	50.910
1563	1563001	1	50.742	61.348	50.914
1564	1564001	1	50.754	61.363	50.910
1565	1565001	1	50.750	61.363	50.926
1566	1566001	1	50.754	61.367	50.938
1567	1567001	1	50.770	61.383	50.930
1568	1568000	1	50.770	61.379	50.930
1569	1569001	1	50.766	61.363	50.922
1570	1570001	1	50.754	61.387	50.957
1571	1571001	1	50.770	61.387	50.938
1572	1572001	1	50.770	61.379	50.930
1573	1573001	1	50.762	61.387	50.953
1574	1574001	1	50.781	61.391	50.945
1575	1575001	1	50.781	61.379	50.938
1576	1576001	1	50.766	61.387	50.934
1577	1577001	1	50.766	61.398	50.953
1578	1578001	1	50.793	61.402	50.941
1579	1579001	1	50.789	61.391	50.949
1580	1580001	1	50.793	61.391	50.957
1581	1581001	1	50.801	61.398	50.941
1582	1582000	1	50.789	61.402	50.965
1583	1583001	1	50.793	61.410	50.977
1584	1584001	1	50.793	61.391	50.984
1585	1585001	1	50.797	61.418	50.965
1586	1586001	1	50.816	61.414	50.973
1587	1587001	1	50.809	61.410	50.969
1588	1588001	1	50.813	61.418	50.977
1589	1589001	1	50.793	61.434	50.977
1590	1590001	1	50.813	61.422	50.980
1591	1591001	1	50.809	61.422	51.000
1592	1592001	1	50.820	61.438	50.984
1593	1593001	1	50.828	61.445	50.984
1594	1594001	1	50.820	61.422	50.977
1595	1595001	1	50.824	61.449	51.000
1596	1596001	1	50.844	61.445	50.996
1597	1597000	1	50.809	61.434	50.992
1598	1598001	1	50.828	61.434	50.980
1599	1599001	1	50.844	61.449	50.988
1600	1600001	1	50.844	61.438	51.012
1601	1601001	1	50.844	61.430	51.004
1602	1602001	1	50.848	61.449	51.016
1603	1603001	1	50.859	61.449	51.004
1604	1604001	1	50.855	61.449	51.023
1605	1605001	1	50.855	61.457	51.012
1606	1606001	1	50.863	61.441	51.020
1607	1607001	1	50.844	61.461	51.020
1608	1608001	1	50.848	61.453	51.020
1609	1609001	1	50.852	61.465	51.023
1610	1610001	1	50.855	61.453	51.031
1611	1611000	1	50.863	61.457	51.035
1612	1612001	1	50.863	61.469	51.031
1613	1613001	1	50.855	61.473	51.039
1614	1614001	1	50.883	61.480	51.020
1615	1615001	1	50.879	61.477	51.043
1616	1616001	1	50.879	61.488	51.051
1617	1617001	1	50.883	61.480	51.035
1618	1618001	1	50.883	61.484	51.039
1619	1619001	1	50.887	61.484	51.043
1620	1620001	1	50.875	61.492	51.055
1621	1621001	1	50.887	61.484	51.063
1622	1622001	1	50.883	61.492	51.043
1623	1623001	1	50.910	61.500	51.059
1624	1624001	1	50.883	61.496	51.047
1625	1625000	1	50.902	61.496	51.063
1626	1626001	1	50.906	61.504	51.059
1627	1627001	1	50.898	61.500	51.063
1628	1628001	1	50.914	61.500	51.078
1629	1629001	1	50.902	61.504	51.070
1630	1630001	1	50.914	61.527	51.086
1631	1631001	1	50.906	61.500	51.066
1632	1632001	1	50.922	61.508	51.059
1633	1633001	1	50.922	61.516	51.086
1634	1634001	1	50.938	61.520	51.086
1635	1635001	1	50.922	61.508	51.098
1636	1636001	1	50.922	61.527	51.086
1637	1637001	1	50.922	61.523	51.086
1638	1638001	1	50.930	61.512	51.094
1639	1639000	1	50.922	61.500	51.078
1640	1640001	1	50.918	61.523	51.090
1641	1641001	1	50.930	61.543	51.102
1642	1642001	1	50.926	61.520	51.086
1643	1643001	1	50.938	61.527	51.105
1644	1644001	1	50.926	61.523	51.113
1645	1645001	1	50.926	61.527	51.105
1646	1646001	1	50.934	61.527	51.109
1647	1647001	1	50.949	61.559	51.105
1648	1648001	1	50.941	61.535	51.109
1649	1649001	1	50.949	61.555	51.109
1650	1650001	1	50.941	61.555	51.113
1651	1651001	1	50.965	61.547	51.113
1652	1652001	1	50.957	61.543	51.133
1653	1653000	1	50.961	61.547	51.129
1654	1654001	1	50.961	61.563	51.121
1655	1655001	1	50.961	61.555	51.145
1656	1656001	1	50.977	61.570	51.137
1657	1657001	1	50.969	61.563	51.121
1658	1658001	1	50.949	61.559	51.148
1659	1659001	1	50.961	61.566	51.133
1660	1660001	1	50.969	61.543	51.141
1661	1661001	1	50.977	61.559	51.156
1662	1662001	1	50.977	61.566	51.145
1663	1663001	1	50.973	61.570	51.133
1664	1664001	1	51.000	61.551	51.148
1665	1665001	1	50.988	61.566	51.152
1666	1666001	1	51.000	61.594	51.141
1667	1667001	1	50.984	61.570	51.160
1668	1668000	1	50.984	61.578	51.152
1669	1669001	1	51.012	61.566	51.168
1670	1670001	1	51.012	61.582	51.160
1671	1671001	1	50.992	61.605	51.168
1672	1672001	1	50.992	61.602	51.164
1673	1673001	1	51.012	61.605	51.160
1674	1674001	1	51.008	61.598	51.160
1675	1675001	1	51.004	61.586	51.172
1676	1676001	1	50.992	61.590	51.168
1677	1677001	1	50.992	61.594	51.191
1678	1678001	1	51.008	61.590	51.191
1679	1679001	1	51.020	61.586	51.176
1680	1680001	1	51.023	61.605	51.180
1681	1681001	1	51.031	61.609	51.188
1682	1682000	1	51.020	61.609	51.199
1683	1683001	1	51.008	61.605	51.195
1684	1684001	1	51.004	61.613	51.184
1685	1685001	1	51.008	61.609	51.199
1686	1686001	1	51.020	61.617	51.207
1687	1687001	1	51.031	61.609	51.199
1688	1688001	1	51.031	61.617	51.195
1689	1689001	1	51.035	61.625	51.207
1690	1690001	1	51.023	61.625	51.215
1691	1691001	1	51.051	61.637	51.188
1692	1692001	1	51.047	61.633	51.207
1693	1693001	1	51.047	61.617	51.207
1694	1694001	1	51.031	61.621	51.199
1695	1695001	1	51.059	61.648	51.223
1696	1696000	1	51.051	61.652	51.215
1697	1697001	1	51.055	61.648	51.223
1698	1698001	1	51.055	61.609	51.223
1699	1699001	1	51.047	61.625	51.227
1700	1700001	1	51.059	61.629	51.238
1701	1701001	1	51.078	61.641	51.230
1702	1702001	1	51.059	61.641	51.223
1703	1703001	1	51.059	61.648	51.223
1704	1704001	1	51.070	61.637	51.227
1705	1705001	1	51.090	61.645	51.219
1706	1706001	1	51.059	61.637	51.230
1707	1707001	1	51.055	61.660	51.223
1708	1708001	1	51.063	61.660	51.246
1709	1709001	1	51.086	61.645	51.242
1710	1710001	1	51.074	61.645	51.242
1711	1711001	1	51.063	61.656	51.254
1712	1712001	1	51.074	61.656	51.254
1713	1713001	1	51.094	61.664	51.246
1714	1714001	1	51.078	61.656	51.250
1715	1715001	1	51.090	61.648	51.254
1716	1716001	1	51.082	61.660	51.254
1717	1717001	1	51.086	61.668	51.266
1718	1718001	1	51.082	61.652	51.270
1719	1719001	1	51.086	61.652	51.270
1720	1720001	1	51.090	61.656	51.273
1721	1721001	1	51.094	61.652	51.258
1722	1722001	1	51.082	61.680	51.262
1723	1723001	1	51.078	61.672	51.285
1724	1724001	1	51.102	61.676	51.281
1725	1725000	1	51.098	61.664	51.273
1726	1726001	1	51.105	61.703	51.254
1727	1727001	1	51.109	61.695	51.273
1728	1728001	1	51.109	61.680	51.285
1729	1729001	1	51.113	61.691	51.273
1730	1730001	1	51.113	61.680	51.297
1731	1731001	1	51.129	61.684	51.301
1732	1732001	1	51.137	61.691	51.281
1733	1733001	1	51.125	61.703	51.281
1734	1734001	1	51.117	61.688	51.289
1735	1735001	1	51.125	61.691	51.289
1736	1736001	1	51.125	61.688	51.301
1737	1737001	1	51.125	61.715	51.293
1738	1738001	1	51.125	61.703	51.301
1739	1739000	1	51.137	61.699	51.293
1740	1740001	1	51.129	61.711	51.312
1741	1741001	1	51.145	61.707	51.328
1742	1742001	1	51.137	61.723	51.297
1743	1743001	1	51.145	61.703	51.320
1744	1744001	1	51.148	61.719	51.316
1745	1745001	1	51.148	61.707	51.309
1746	1746001	1	51.145	61.723	51.305
1747	1747001	1	51.152	61.691	51.316
1748	1748001	1	51.168	61.723	51.312
1749	1749001	1	51.133	61.727	51.324
1750	1750001	1	51.160	61.715	51.320
1751	1751001	1	51.160	61.715	51.324
1752	1752001	1	51.152	61.699	51.324
1753	1753000	1	51.164	61.727	51.336
1754	1754001	1	51.164	61.727	51.324
1755	1755001	1	51.156	61.727	51.340
1756	1756001	1	51.176	61.730	51.336
1757	1757001	1	51.168	61.738	51.332
1758	1758001	1	51.168	61.703	51.332
1759	1759001	1	51.164	61.719	51.344
1760	1760001	1	51.176	61.730	51.328
1761	1761001	1	51.172	61.738	51.352
1762	1762001	1	51.176	61.746	51.352
1763	1763001	1	51.184	61.730	51.336
1764	1764001	1	51.184	61.734	51.363
1765	1765001	1	51.195	61.762	51.344
1766	1766001	1	51.176	61.766	51.359
1767	1767000	1	51.180	61.742	51.355
1768	1768001	1	51.203	61.750	51.355
1769	1769001	1	51.191	61.758	51.348
1770	1770001	1	51.184	61.750	51.359
1771	1771001	1	51.180	61.762	51.371
1772	1772001	1	51.191	61.746	51.379
1773	1773001	1	51.184	61.770	51.344
1774	1774001	1	51.191	61.770	51.367
1775	1775001	1	51.207	61.766	51.379
1776	1776001	1	51.199	61.777	51.367
1777	1777001	1	51.207	61.766	51.363
1778	1778001	1	51.211	61.773	51.387
1779	1779001	1	51.215	61.750	51.363
1780	1780001	1	51.203	61.789	51.383
1781	1781000	1	51.211	61.770	51.359
1782	1782001	1	51.203	61.773	51.371
1783	1783001	1	51.230	61.781	51.387
1784	1784001	1	51.230	61.785	51.395
1785	1785001	1	51.219	61.777	51.379
1786	1786001	1	51.223	61.781	51.406
1787	1787001	1	51.223	61.777	51.383
1788	1788001	1	51.223	61.797	51.387
1789	1789001	1	51.219	61.789	51.406
1790	1790001	1	51.223	61.793	51.406
1791	1791001	1	51.227	61.785	51.406
1792	1792001	1	51.250	61.797	51.398
1793	1793001	1	51.238	61.805	51.402
1794	1794001	1	51.230	61.797	51.402
1795	1795001	1	51.242	61.785	51.422
1796	1796000	1	51.238	61.816	51.406
1797	1797001	1	51.250	61.797	51.418
1798	1798001	1	51.238	61.809	51.422
1799	1799001	1	51.266	61.793	51.410
1800	1800001	1	51.250	61.816	51.418
1801	1801001	1	51.250	61.805	51.418
1802	1802001	1	51.258	61.809	51.434
1803	1803001	1	51.254	61.793	51.402
1804	1804001	1	51.281	61.824	51.410
1805	1805001	1	51.258	61.809	51.434
1806	1806001	1	51.277	61.816	51.445
1807	1807001	1	51.258	61.824	51.430
1808	1808001	1	51.250	61.813	51.422
1809	1809001	1	51.262	61.805	51.410
1810	1810000	1	51.270	61.813	51.441
1811	1811001	1	51.273	61.824	51.410
1812	1812001	1	51.262	61.809	51.434
1813	1813001	1	51.273	61.820	51.430
1814	1814001	1	51.285	61.832	51.453
1815	1815001	1	51.262	61.813	51.461
1816	1816001	1	51.285	61.828	51.453
1817	1817001	1	51.285	61.832	51.445
1818	1818001	1	51.297	61.836	51.449
1819	1819001	1	51.285	61.828	51.445
1820	1820001	1	51.266	61.820	51.438
1821	1821001	1	51.289	61.832	51.445
1822	1822001	1	51.281	61.840	51.453
1823	1823001	1	51.281	61.824	51.434
1824	1824000	1	51.277	61.836	51.473
1825	1825001	1	51.289	61.840	51.465
1826	1826001	1	51.285	61.836	51.465
1827	1827001	1	51.301	61.852	51.473
1828	1828001	1	51.301	61.844	51.477
1829	1829001	1	51.309	61.844	51.473
1830	1830001	1	51.297	61.855	51.465
1831	1831001	1	51.301	61.867	51.469
1832	1832001	1	51.305	61.848	51.473
1833	1833001	1	51.297	61.863	51.473
1834	1834001	1	51.293	61.859	51.480
1835	1835001	1	51.293	61.848	51.469
1836	1836001	1	51.312	61.848	51.477
1837	1837001	1	51.301	61.855	51.480
1838	1838001	1	51.316	61.855	51.473
1839	1839001	1	51.305	61.863	51.480
1840	1840001	1	51.320	61.852	51.465
1841	1841001	1	51.320	61.863	51.477
1842	1842001	1	51.312	61.859	51.480
1843	1843001	1	51.316	61.844	51.496
1844	1844001	1	51.316	61.879	51.496
1845	1845001	1	51.324	61.867	51.496
1846	1846001	1	51.316	61.879	51.488
1847	1847001	1	51.312	61.859	51.496
1848	1848001	1	51.324	61.863	51.484
1849	1849001	1	51.336	61.871	51.480
1850	1850001	1	51.340	61.867	51.496
1851	1851001	1	51.336	61.867	51.484
1852	1852001	1	51.332	61.863	51.492
1853	1853000	1	51.324	61.871	51.500
1854	1854001	1	51.332	61.875	51.492
1855	1855001	1	51.328	61.895	51.500
1856	1856001	1	51.320	61.879	51.520
1857	1857001	1	51.367	61.867	51.512
1858	1858001	1	51.344	61.879	51.531
1859	1859001	1	51.340	61.883	51.520
1860	1860001	1	51.340	61.883	51.504
1861	1861001	1	51.340	61.891	51.520
1862	1862001	1	51.328	61.875	51.520
1863	1863001	1	51.352	61.895	51.520
1864	1864001	1	51.352	61.895	51.516
1865	1865001	1	51.367	61.898	51.508
1866	1866001	1	51.371	61.887	51.516
1867	1867000	1	51.355	61.891	51.523
1868	1868001	1	51.348	61.902	51.531
1869	1869001	1	51.363	61.891	51.508
1870	1870001	1	51.359	61.883	51.535
1871	1871001	1	51.383	61.906	51.520
1872	1872001	1	51.367	61.910	51.527
1873	1873001	1	51.367	61.902	51.539
1874	1874001	1	51.359	61.898	51.535
1875	1875001	1	51.367	61.906	51.555
1876	1876001	1	51.367	61.910	51.551
1877	1877001	1	51.371	61.906	51.539
1878	1878001	1	51.363	61.895	51.523
1879	1879001	1	51.367	61.898	51.539
1880	1880001	1	51.391	61.906	51.539
1881	1881000	1	51.383	61.902	51.547
1882	1882001	1	51.375	61.930	51.539
1883	1883001	1	51.371	61.930	51.547
1884	1884001	1	51.363	61.910	51.547
1885	1885001	1	51.383	61.910	51.551
1886	1886001	1	51.379	61.918	51.555
1887	1887001	1	51.398	61.926	51.555
1888	1888001	1	51.391	61.941	51.566
1889	1889001	1	51.383	61.922	51.551
1890	1890001	1	51.391	61.910	51.582
1891	1891001	1	51.379	61.941	51.563
1892	1892001	1	51.398	61.930	51.563
1893	1893001	1	51.391	61.949	51.559
1894	1894001	1	51.387	61.937	51.578
1895	1895001	1	51.402	61.949	51.555
1896	1896001	1	51.402	61.930	51.563
1897	1897001	1	51.395	61.949	51.570
1898	1898001	1	51.383	61.922	51.574
1899	1899001	1	51.398	61.941	51.574
1900	1900001	1	51.395	61.922	51.574
1901	1901001	1	51.406	61.957	51.566
1902	1902001	1	51.398	61.961	51.574
1903	1903001	1	51.391	61.934	51.574
1904	1904001	1	51.430	61.957	51.602
1905	1905001	1	51.422	61.949	51.570
1906	1906001	1	51.414	61.953	51.566
1907	1907001	1	51.395	61.961	51.586
1908	1908001	1	51.414	61.957	51.578
1909	1909001	1	51.418	61.953	51.590
1910	1910001	1	51.422	61.945	51.578
1911	1911001	1	51.434	61.961	51.586
1912	1912001	1	51.426	61.953	51.578
1913	1913001	1	51.414	61.957	51.586
1914	1914001	1	51.422	61.961	51.602
1915	1915001	1	51.414	61.961	51.590
1916	1916001	1	51.441	61.961	51.598
1917	1917001	1	51.430	61.977	51.602
1918	1918001	1	51.422	61.965	51.598
1919	1919001	1	51.430	61.965	51.605
1920	1920001	1	51.430	61.949	51.598
1921	1921001	1	51.430	61.957	51.609
1922	1922001	1	51.434	61.977	51.598
1923	1923001	1	51.434	61.977	51.609
1924	1924001	1	51.434	61.957	51.602
1925	1925001	1	51.434	61.965	51.605
1926	1926001	1	51.449	61.969	51.609
1927	1927001	1	51.449	61.977	51.625
1928	1928001	1	51.441	61.957	51.602
1929	1929001	1	51.430	61.988	51.609
1930	1930001	1	51.457	61.973	51.621
1931	1931001	1	51.453	61.965	51.613
1932	1932001	1	51.430	61.980	51.637
1933	1933001	1	51.457	61.988	51.609
1934	1934001	1	51.453	61.977	51.621
1935	1935001	1	51.449	61.984	51.621
1936	1936001	1	51.457	61.988	51.641
1937	1937001	1	51.445	61.980	51.633
1938	1938000	1	51.473	61.969	51.629
1939	1939001	1	51.457	61.980	51.629
1940	1940001	1	51.441	61.977	51.613
1941	1941001	1	51.426	61.988	51.637
1942	1942001	1	51.434	61.996	51.625
1943	1943001	1	51.457	61.996	51.621
1944	1944001	1	51.477	61.984	51.625
1945	1945001	1	51.473	62.004	51.633
1946	1946001	1	51.465	62.012	51.621
1947	1947001	1	51.473	61.988	51.641
1948	1948001	1	51.461	62.000	51.633
1949	1949001	1	51.496	62.000	51.648
1950	1950001	1	51.484	62.000	51.637
1951	1951001	1	51.473	62.008	51.652
1952	1952000	1	51.480	62.008	51.648
1953	1953001	1	51.461	62.004	51.660
1954	1954001	1	51.484	62.008	51.648
1955	1955001	1	51.473	62.000	51.625
1956	1956001	1	51.496	62.023	51.633
1957	1957001	1	51.488	62.023	51.648
1958	1958001	1	51.480	62.027	51.645
1959	1959001	1	51.484	62.027	51.664
1960	1960001	1	51.488	62.023	51.656
1961	1961001	1	51.484	62.012	51.695
1962	1962001	1	51.508	62.023	51.664
1963	1963001	1	51.496	62.031	51.668
1964	1964001	1	51.496	62.027	51.664
1965	1965001	1	51.492	62.031	51.668
1966	1966000	1	51.500	62.027	51.656
1967	1967001	1	51.492	62.027	51.676
1968	1968001	1	51.496	62.047	51.668
1969	1969001	1	51.504	62.023	51.676
1970	1970001	1	51.496	62.027	51.664
1971	1971001	1	51.508	62.035	51.664
1972	1972001	1	51.508	62.027	51.672
1973	1973001	1	51.516	62.008	51.684
1974	1974001	1	51.504	62.031	51.691
1975	1975001	1	51.512	62.020	51.672
1976	1976001	1	51.520	62.023	51.688
1977	1977001	1	51.523	62.023	51.676
1978	1978001	1	51.516	62.020	51.680
1979	1979001	1	51.504	62.031	51.680
1980	1980001	1	51.500	62.031	51.684
1981	1981000	1	51.516	62.043	51.688
1982	1982001	1	51.531	62.035	51.703
1983	1983001	1	51.504	62.031	51.695
1984	1984001	1	51.535	62.039	51.695
1985	1985001	1	51.512	62.039	51.699
1986	1986001	1	51.527	62.039	51.695
1987	1987001	1	51.516	62.051	51.668
1988	1988001	1	51.520	62.023	51.691
1989	1989001	1	51.523	62.039	51.707
1990	1990001	1	51.508	62.035	51.688
1991	1991001	1	51.520	62.039	51.699
1992	1992001	1	51.512	62.043	51.711
1993	1993001	1	51.527	62.063	51.703
1994	1994001	1	51.512	62.039	51.699
1995	1995000	1	51.516	62.047	51.711
1996	1996001	1	51.520	62.055	51.699
1997	1997001	1	51.531	62.047	51.691
1998	1998001	1	51.523	62.055	51.699
1999	1999001	1	51.531	62.047	51.688
2000	2000001	1	51.527	62.043	51.715
2001	2001001	1	51.551	62.059	51.703
2002	2002001	1	51.504	62.059	51.699
2003	2003001	1	51.520	62.047	51.711
2004	2004001	1	51.547	62.066	51.715
2005	2005001	1	51.547	62.063	51.719
2006	2006001	1	51.539	62.063	51.715
2007	2007001	1	51.543	62.059	51.715
2008	2008001	1	51.531	62.066	51.711
2009	2009000	1	51.531	62.051	51.715
2010	2010001	1	51.543	62.078	51.719
2011	2011001	1	51.566	62.063	51.734
2012	2012001	1	51.559	62.063	51.727
2013	2013001	1	51.551	62.074	51.715
2014	2014001	1	51.555	62.066	51.719
2015	2015001	1	51.563	62.070	51.727
2016	2016001	1	51.563	62.086	51.711
2017	2017001	1	51.559	62.063	51.730
2018	2018001	1	51.543	62.074	51.742
2019	2019001	1	51.551	62.074	51.734
2020	2020001	1	51.551	62.074	51.723
2021	2021001	1	51.551	62.078	51.715
2022	2022001	1	51.559	62.090	51.727
2023	2023000	1	51.574	62.063	51.723
2024	2024001	1	51.555	62.094	51.742
2025	2025001	1	51.559	62.082	51.719
2026	2026001	1	51.566	62.078	51.742
2027	2027001	1	51.563	62.098	51.754
2028	2028001	1	51.551	62.109	51.734
2029	2029001	1	51.563	62.086	51.730
2030	2030001	1	51.574	62.086	51.742
2031	2031001	1	51.578	62.090	51.746
2032	2032001	1	51.574	62.086	51.738
2033	2033001	1	51.578	62.086	51.754
2034	2034001	1	51.566	62.082	51.742
2035	2035001	1	51.586	62.094	51.754
2036	2036001	1	51.566	62.098	51.742
2037	2037000	1	51.578	62.090	51.742
2038	2038001	1	51.578	62.098	51.746
2039	2039001	1	51.602	62.094	51.766
2040	2040001	1	51.574	62.105	51.750
2041	2041001	1	51.602	62.102	51.762
2042	2042001	1	51.578	62.109	51.766
2043	2043001	1	51.566	62.109	51.762
2044	2044001	1	51.598	62.098	51.770
2045	2045001	1	51.570	62.109	51.770
2046	2046001	1	51.605	62.113	51.754
2047	2047001	1	51.602	62.113	51.773
2048	2048001	1	51.590	62.117	51.777
2049	2049001	1	51.594	62.102	51.766
2050	2050001	1	51.598	62.129	51.766
2051	2051001	1	51.598	62.113	51.754
2052	2052000	1	51.621	62.113	51.758
2053	2053001	1	51.613	62.113	51.777
2054	2054001	1	51.609	62.133	51.773
2055	2055001	1	51.613	62.113	51.777
2056	2056001	1	51.602	62.113	51.777
2057	2057001	1	51.602	62.117	51.770
2058	2058001	1	51.602	62.098	51.777
2059	2059001	1	51.613	62.105	51.777
2060	2060001	1	51.629	62.129	51.773
2061	2061001	1	51.617	62.125	51.785
2062	2062001	1	51.625	62.117	51.777
2063	2063001	1	51.621	62.117	51.781
2064	2064001	1	51.613	62.117	51.785
2065	2065001	1	51.609	62.121	51.781
2066	2066000	1	51.645	62.152	51.793
2067	2067001	1	51.621	62.137	51.801
2068	2068001	1	51.617	62.129	51.785
2069	2069001	1	51.613	62.121	51.793
2070	2070001	1	51.637	62.109	51.789
2071	2071001	1	51.617	62.125	51.773
2072	2072001	1	51.621	62.141	51.809
2073	2073001	1	51.641	62.121	51.777
2074	2074001	1	51.617	62.148	51.781
2075	2075001	1	51.629	62.137	51.797
2076	2076001	1	51.645	62.145	51.789
2077	2077001	1	51.621	62.156	51.793
2078	2078001	1	51.637	62.141	51.793
2079	2079001	1	51.637	62.152	51.801
2080	2080000	1	51.637	62.145	51.809
2081	2081001	1	51.648	62.141	51.801
2082	2082001	1	51.641	62.141	51.813
2083	2083001	1	51.637	62.133	51.828
2084	2084001	1	51.629	62.129	51.805
2085	2085001	1	51.652	62.125	51.816
2086	2086001	1	51.641	62.137	51.816
2087	2087001	1	51.625	62.148	51.805
2088	2088001	1	51.633	62.156	51.813
2089	2089001	1	51.637	62.152	51.820
2090	2090001	1	51.637	62.164	51.809
2091	2091001	1	51.633	62.145	51.813
2092	2092001	1	51.664	62.168	51.813
2093	2093001	1	51.656	62.176	51.832
2094	2094001	1	51.641	62.152	51.813
2095	2095001	1	51.652	62.160	51.820
2096	2096001	1	51.668	62.164	51.820
2097	2097001	1	51.652	62.160	51.809
2098	2098001	1	51.652	62.164	51.832
2099	2099001	1	51.668	62.164	51.836
2100	2100001	1	51.645	62.148	51.820
2101	2101001	1	51.656	62.164	51.824
2102	2102001	1	51.645	62.160	51.816
2103	2103001	1	51.652	62.172	51.828
2104	2104001	1	51.668	62.160	51.828
2105	2105001	1	51.672	62.176	51.805
2106	2106001	1	51.664	62.148	51.824
2107	2107001	1	51.660	62.148	51.848
2108	2108001	1	51.672	62.172	51.828
2109	2109000	1	51.668	62.160	51.840
2110	2110001	1	51.680	62.156	51.840
2111	2111001	1	51.676	62.156	51.836
2112	2112001	1	51.672	62.176	51.824
2113	2113001	1	51.664	62.168	51.848
2114	2114001	1	51.676	62.172	51.832
2115	2115001	1	51.668	62.172	51.840
2116	2116001	1	51.676	62.168	51.832
2117	2117001	1	51.672	62.172	51.844
2118	2118001	1	51.652	62.168	51.840
2119	2119001	1	51.668	62.172	51.844
2120	2120001	1	51.672	62.168	51.859
2121	2121001	1	51.672	62.184	51.840
2122	2122001	1	51.695	62.188	51.848
2123	2123000	1	51.688	62.188	51.855
2124	2124001	1	51.691	62.180	51.844
2125	2125001	1	51.664	62.180	51.836
2126	2126001	1	51.688	62.184	51.871
2127	2127001	1	51.680	62.168	51.859
2128	2128001	1	51.672	62.191	51.844
2129	2129001	1	51.691	62.172	51.863
2130	2130001	1	51.688	62.184	51.855
2131	2131001	1	51.680	62.184	51.852
2132	2132001	1	51.688	62.203	51.855
2133	2133001	1	51.699	62.191	51.871
2134	2134001	1	51.684	62.164	51.867
2135	2135001	1	51.699	62.199	51.859
2136	2136001	1	51.688	62.191	51.871
2137	2137000	1	51.699	62.188	51.844
2138	2138001	1	51.699	62.195	51.875
2139	2139001	1	51.695	62.184	51.867
2140	2140001	1	51.684	62.211	51.867
2141	2141001	1	51.699	62.188	51.891
2142	2142001	1	51.703	62.188	51.875
2143	2143001	1	51.711	62.199	51.852
2144	2144001	1	51.695	62.180	51.863
2145	2145001	1	51.684	62.195	51.859
2146	2146001	1	51.707	62.188	51.867
2147	2147001	1	51.703	62.188	51.871
2148	2148001	1	51.711	62.199	51.879
2149	2149001	1	51.684	62.199	51.859
2150	2150001	1	51.695	62.207	51.879
2151	2151000	1	51.711	62.207	51.871
2152	2152001	1	51.719	62.219	51.875
2153	2153001	1	51.727	62.199	51.895
2154	2154001	1	51.711	62.215	51.871
2155	2155001	1	51.723	62.195	51.879
2156	2156001	1	51.723	62.215	51.879
2157	2157001	1	51.715	62.211	51.871
2158	2158001	1	51.711	62.203	51.895
2159	2159001	1	51.719	62.203	51.875
2160	2160001	1	51.703	62.211	51.883
2161	2161001	1	51.711	62.215	51.871
2162	2162001	1	51.707	62.203	51.883
2163	2163001	1	51.719	62.215	51.887
2164	2164001	1	51.727	62.219	51.887
2165	2165000	1	51.723	62.207	51.887
2166	2166001	1	51.723	62.219	51.895
2167	2167001	1	51.715	62.211	51.871
2168	2168001	1	51.723	62.219	51.898
2169	2169001	1	51.734	62.203	51.898
2170	2170001	1	51.715	62.227	51.906
2171	2171001	1	51.730	62.219	51.879
2172	2172001	1	51.734	62.215	51.891
2173	2173001	1	51.711	62.215	51.902
2174	2174001	1	51.727	62.219	51.883
2175	2175001	1	51.711	62.219	51.906
2176	2176001	1	51.723	62.227	51.902
2177	2177001	1	51.727	62.211	51.906
2178	2178001	1	51.738	62.203	51.891
2179	2179001	1	51.742	62.238	51.902
2180	2180000	1	51.730	62.223	51.918
2181	2181001	1	51.730	62.234	51.918
2182	2182001	1	51.742	62.223	51.918
2183	2183001	1	51.730	62.230	51.914
2184	2184001	1	51.746	62.250	51.922
2185	2185001	1	51.727	62.230	51.906
2186	2186001	1	51.750	62.234	51.906
2187	2187001	1	51.750	62.242	51.910
2188	2188001	1	51.758	62.223	51.910
2189	2189001	1	51.738	62.246	51.918
2190	2190001	1	51.762	62.246	51.898
2191	2191001	1	51.746	62.242	51.918
2192	2192001	1	51.742	62.254	51.902
2193	2193001	1	51.734	62.238	51.930
2194	2194000	1	51.746	62.246	51.918
2195	2195001	1	51.738	62.234	51.914
2196	2196001	1	51.754	62.242	51.926
2197	2197001	1	51.754	62.254	51.930
2198	2198001	1	51.766	62.254	51.910
2199	2199001	1	51.762	62.238	51.930
2200	2200001	1	51.762	62.234	51.910
2201	2201001	1	51.773	62.254	51.914
2202	2202001	1	51.746	62.250	51.930
2203	2203001	1	51.762	62.242	51.941
2204	2204001	1	51.754	62.242	51.930
2205	2205001	1	51.770	62.254	51.922
2206	2206001	1	51.758	62.258	51.918
2207	2207001	1	51.773	62.234	51.910
2208	2208000	1	51.762	62.242	51.934
2209	2209001	1	51.762	62.262	51.934
2210	2210001	1	51.770	62.254	51.914
2211	2211001	1	51.754	62.250	51.926
2212	2212001	1	51.730	62.258	51.926
2213	2213001	1	51.773	62.262	51.937
2214	2214001	1	51.758	62.246	51.941
2215	2215001	1	51.762	62.258	51.934
2216	2216001	1	51.773	62.273	51.934
2217	2217001	1	51.773	62.254	51.945
2218	2218001	1	51.770	62.258	51.941
2219	2219001	1	51.762	62.273	51.930
2220	2220001	1	51.781	62.262	51.941
2221	2221001	1	51.773	62.270	51.937
2222	2222000	1	51.766	62.254	51.957
2223	2223001	1	51.773	62.277	51.934
2224	2224001	1	51.773	62.262	51.949
2225	2225001	1	51.770	62.273	51.957
2226	2226001	1	51.793	62.254	51.945
2227	2227001	1	51.785	62.258	51.934
2228	2228001	1	51.797	62.246	51.965
2229	2229001	1	51.789	62.270	51.957
2230	2230001	1	51.793	62.273	51.949
2231	2231001	1	51.773	62.277	51.949
2232	2232001	1	51.785	62.273	51.949
2233	2233001	1	51.762	62.266	51.961
2234	2234001	1	51.781	62.270	51.961
2235	2235001	1	51.777	62.277	51.953
2236	2236001	1	51.770	62.250	51.953
2237	2237000	1	51.789	62.273	51.949
2238	2238001	1	51.770	62.273	51.961
2239	2239001	1	51.789	62.277	51.957
2240	2240001	1	51.789	62.277	51.949
2241	2241001	1	51.773	62.254	51.945
2242	2242001	1	51.773	62.285	51.965
2243	2243001	1	51.781	62.285	51.957
2244	2244001	1	51.773	62.266	51.973
2245	2245001	1	51.785	62.270	51.961
2246	2246001	1	51.793	62.270	51.969
2247	2247001	1	51.777	62.285	51.941
2248	2248001	1	51.781	62.273	51.969
2249	2249001	1	51.805	62.273	51.973
2250	2250001	1	51.781	62.277	51.969
2251	2251000	1	51.770	62.281	51.973
2252	2252001	1	51.785	62.273	51.961
2253	2253001	1	51.793	62.281	51.977
2254	2254001	1	51.789	62.270	51.949
2255	2255001	1	51.789	62.266	51.953
2256	2256001	1	51.793	62.289	51.969
2257	2257001	1	51.793	62.262	51.977
2258	2258001	1	51.793	62.273	51.980
2259	2259001	1	51.797	62.281	51.969
2260	2260001	1	51.813	62.277	51.973
2261	2261001	1	51.801	62.273	51.973
2262	2262001	1	51.789	62.273	51.980
2263	2263001	1	51.797	62.281	51.973
2264	2264001	1	51.805	62.293	51.988
2265	2265000	1	51.805	62.289	51.965
2266	2266001	1	51.816	62.289	51.973
2267	2267001	1	51.801	62.289	51.977
2268	2268001	1	51.805	62.293	51.969
2269	2269001	1	51.805	62.289	51.996
2270	2270001	1	51.809	62.297	51.973
2271	2271001	1	51.813	62.285	51.977
2272	2272001	1	51.816	62.281	51.980
2273	2273001	1	51.805	62.297	51.992
2274	2274001	1	51.805	62.289	51.988
2275	2275001	1	51.820	62.285	51.980
2276	2276001	1	51.813	62.281	51.980
2277	2277001	1	51.801	62.301	51.988
2278	2278001	1	51.813	62.297	51.996
2279	2279000	1	51.813	62.305	51.977
2280	2280001	1	51.824	62.297	51.992
2281	2281001	1	51.805	62.289	51.988
2282	2282001	1	51.805	62.289	51.988
2283	2283001	1	51.801	62.285	51.980
2284	2284001	1	51.805	62.285	51.996
2285	2285001	1	51.824	62.309	51.980
2286	2286001	1	51.832	62.297	51.984
2287	2287001	1	51.820	62.289	52.008
2288	2288001	1	51.824	62.289	51.984
2289	2289001	1	51.828	62.293	51.988
2290	2290001	1	51.824	62.289	51.988
2291	2291001	1	51.813	62.305	52.004
2292	2292001	1	51.809	62.297	51.992
2293	2293000	1	51.824	62.305	51.996
2294	2294001	1	51.820	62.301	51.992
2295	2295001	1	51.832	62.313	51.996
2296	2296001	1	51.832	62.297	51.996
2297	2297001	1	51.840	62.309	52.008
2298	2298001	1	51.816	62.313	52.004
2299	2299001	1	51.820	62.301	52.000
