time[s]	time_effective[ms]	power[1]	TO[C]	TH[C]	TOunten[C]
0	20	0	24.285	24.320	24.250
1	1001	0	24.250	24.258	24.227
2	2001	0	24.246	24.258	24.230
3	3001	0	24.254	24.234	24.223
4	4001	0	24.242	24.246	24.219
5	5001	0	24.262	24.254	24.219
6	6001	0	24.262	24.246	24.207
7	7001	0	24.250	24.230	24.219
8	8001	0	24.250	24.250	24.227
9	9001	0	24.254	24.238	24.219
10	10001	0	24.250	24.238	24.215
11	11001	0	24.234	24.258	24.227
12	12001	0	24.234	24.230	24.219
13	13001	0	24.250	24.234	24.223
14	14001	0	24.262	24.230	24.203
15	15000	0	24.246	24.246	24.223
16	16001	0	24.242	24.234	24.215
17	17001	0	24.234	24.219	24.227
18	18001	0	24.242	24.238	24.223
19	19001	0	24.246	24.242	24.195
20	20001	0	24.227	24.234	24.215
21	21001	0	24.250	24.242	24.203
22	22001	0	24.234	24.258	24.211
23	23001	0	24.238	24.227	24.211
24	24001	0	24.242	24.227	24.215
25	25001	0	24.258	24.223	24.211
26	26001	0	24.250	24.223	24.207
27	27001	0	24.254	24.223	24.215
28	28001	0	24.250	24.219	24.207
29	29001	0	24.254	24.234	24.219
30	30001	0	24.254	24.230	24.219
31	31000	0	24.242	24.242	24.207
32	32001	0	24.242	24.215	24.223
33	33001	0	24.246	24.238	24.234
34	34001	0	24.242	24.234	24.211
35	35001	0	24.246	24.242	24.207
36	36001	0	24.227	24.246	24.203
37	37001	0	24.242	24.242	24.211
38	38001	0	24.246	24.223	24.207
39	39001	0	24.234	24.234	24.223
40	40001	0	24.227	24.234	24.207
41	41001	0	24.250	24.234	24.230
42	42001	0	24.262	24.230	24.211
43	43001	0	24.238	24.215	24.211
44	44001	0	24.238	24.238	24.215
45	45001	0	24.242	24.227	24.219
46	46001	0	24.230	24.223	24.203
47	47000	0	24.262	24.246	24.223
48	48001	0	24.234	24.227	24.203
49	49001	0	24.238	24.223	24.199
50	50001	0	24.254	24.238	24.223
51	51001	0	24.242	24.211	24.207
52	52001	0	24.223	24.238	24.199
53	53001	0	24.234	24.223	24.207
54	54001	0	24.234	24.223	24.207
55	55001	0	24.246	24.227	24.207
56	56001	0	24.238	24.230	24.211
57	57001	0	24.238	24.230	24.211
58	58001	0	24.230	24.238	24.215
59	59001	0	24.242	24.230	24.215
60	60001	0	24.234	24.230	24.211
61	61001	0	24.246	24.219	24.207
62	62001	0	24.227	24.215	24.203
63	63000	0	24.250	24.234	24.215
64	64001	0	24.234	24.234	24.215
65	65001	0	24.219	24.227	24.219
66	66001	0	24.223	24.227	24.199
67	67001	0	24.238	24.242	24.223
68	68001	0	24.230	24.223	24.207
69	69001	0	24.238	24.211	24.211
70	70001	0	24.230	24.230	24.219
71	71001	0	24.223	24.215	24.219
72	72001	0	24.246	24.227	24.219
73	73001	0	24.230	24.227	24.211
74	74001	0	24.242	24.234	24.215
75	75001	0	24.242	24.242	24.203
76	76001	0	24.246	24.223	24.207
77	77001	0	24.246	24.230	24.203
78	78001	0	24.238	24.207	24.211
79	79000	0	24.227	24.230	24.199
80	80001	0	24.242	24.211	24.223
81	81001	0	24.234	24.211	24.195
82	82001	0	24.230	24.211	24.207
83	83001	0	24.234	24.223	24.211
84	84001	0	24.238	24.238	24.199
85	85001	0	24.242	24.223	24.203
86	86001	0	24.254	24.211	24.219
87	87001	0	24.238	24.227	24.211
88	88001	0	24.242	24.227	24.207
89	89001	0	24.246	24.227	24.215
90	90001	0	24.250	24.223	24.199
91	91001	0	24.234	24.223	24.207
92	92001	0	24.227	24.230	24.215
93	93001	0	24.230	24.234	24.207
94	94001	0	24.238	24.238	24.199
95	95000	0	24.246	24.219	24.207
96	96001	0	24.234	24.234	24.215
97	97001	0	24.230	24.219	24.199
98	98001	0	24.234	24.219	24.211
99	99001	0	24.230	24.227	24.211
100	100001	0	24.238	24.227	24.203
101	101001	0	24.242	24.230	24.211
102	102001	0	24.238	24.238	24.199
103	103001	0	24.230	24.227	24.203
104	104001	0	24.234	24.223	24.215
105	105001	0	24.242	24.227	24.199
106	106001	0	24.230	24.238	24.207
107	107001	0	24.234	24.234	24.211
108	108001	0	24.238	24.223	24.207
109	109001	0	24.242	24.215	24.199
110	110001	0	24.223	24.223	24.207
111	111000	0	24.238	24.215	24.203
112	112001	0	24.238	24.219	24.207
113	113001	0	24.246	24.238	24.203
114	114001	0	24.227	24.227	24.199
115	115001	0	24.234	24.238	24.211
116	116001	0	24.238	24.227	24.203
117	117001	0	24.227	24.223	24.215
118	118001	0	24.230	24.234	24.199
119	119001	0	24.227	24.230	24.215
120	120001	0	24.234	24.230	24.203
121	121001	0	24.227	24.227	24.203
122	122001	0	24.250	24.215	24.191
123	123001	0	24.238	24.223	24.207
124	124001	0	24.230	24.219	24.191
125	125001	0	24.242	24.219	24.207
126	126000	0	24.238	24.223	24.199
127	127001	0	24.223	24.219	24.211
128	128001	0	24.234	24.219	24.211
129	129001	0	24.242	24.223	24.195
130	130001	0	24.219	24.199	24.199
131	131001	0	24.234	24.230	24.207
132	132001	0	24.234	24.219	24.219
133	133001	0	24.234	24.211	24.211
134	134001	0	24.250	24.223	24.211
135	135001	0	24.230	24.223	24.195
136	136001	0	24.238	24.203	24.191
137	137001	0	24.223	24.219	24.195
138	138001	0	24.227	24.223	24.207
139	139001	0	24.234	24.238	24.195
140	140001	0	24.215	24.219	24.215
141	141000	0	24.250	24.215	24.215
142	142001	0	24.211	24.223	24.191
143	143001	0	24.234	24.238	24.207
144	144001	0	24.230	24.219	24.195
145	145001	0	24.230	24.211	24.199
146	146001	0	24.227	24.223	24.207
147	147001	0	24.227	24.227	24.207
148	148001	0	24.227	24.203	24.211
149	149001	0	24.215	24.223	24.195
150	150001	0	24.230	24.219	24.203
151	151001	0	24.230	24.199	24.203
152	152001	0	24.238	24.219	24.199
153	153001	0	24.219	24.203	24.215
154	154001	0	24.234	24.234	24.211
155	155001	0	24.227	24.211	24.211
156	156000	0	24.207	24.219	24.203
157	157001	0	24.219	24.219	24.203
158	158001	0	24.227	24.211	24.199
159	159001	0	24.227	24.207	24.195
160	160001	0	24.215	24.227	24.191
161	161001	0	24.234	24.227	24.211
162	162001	0	24.234	24.230	24.191
163	163001	0	24.234	24.234	24.172
164	164001	0	24.211	24.238	24.191
165	165001	0	24.238	24.203	24.195
166	166001	0	24.238	24.211	24.215
167	167001	0	24.238	24.234	24.207
168	168001	0	24.230	24.227	24.188
169	169001	0	24.234	24.207	24.199
170	170001	0	24.223	24.219	24.199
171	171000	0	24.242	24.223	24.207
172	172001	0	24.219	24.211	24.191
173	173001	0	24.242	24.227	24.199
174	174001	0	24.238	24.219	24.203
175	175001	0	24.227	24.211	24.211
176	176001	0	24.234	24.203	24.191
177	177001	0	24.230	24.230	24.199
178	178001	0	24.227	24.227	24.211
179	179001	0	24.230	24.215	24.195
180	180001	0	24.230	24.230	24.191
181	181001	0	24.227	24.223	24.203
182	182001	0	24.238	24.215	24.203
183	183001	0	24.219	24.215	24.195
184	184001	0	24.227	24.211	24.176
185	185001	0	24.223	24.211	24.195
186	186000	0	24.227	24.219	24.199
187	187001	0	24.219	24.215	24.184
188	188001	0	24.230	24.215	24.191
189	189001	0	24.230	24.211	24.191
190	190001	0	24.215	24.223	24.180
191	191001	0	24.223	24.223	24.207
192	192001	0	24.219	24.207	24.191
193	193001	0	24.230	24.223	24.184
194	194001	0	24.219	24.219	24.191
195	195001	0	24.223	24.219	24.199
196	196001	0	24.207	24.215	24.195
197	197001	0	24.230	24.207	24.203
198	198001	0	24.215	24.230	24.199
199	199001	0	24.238	24.207	24.211
200	200001	0	24.238	24.203	24.188
201	201000	0	24.219	24.211	24.195
202	202001	0	24.215	24.238	24.199
203	203001	0	24.215	24.219	24.203
204	204001	0	24.219	24.203	24.199
205	205001	0	24.211	24.211	24.188
206	206001	0	24.227	24.215	24.195
207	207001	0	24.219	24.219	24.184
208	208001	0	24.223	24.219	24.199
209	209001	0	24.230	24.223	24.199
210	210001	0	24.238	24.215	24.195
211	211001	0	24.211	24.219	24.184
212	212001	0	24.211	24.203	24.207
213	213001	0	24.230	24.219	24.195
214	214001	0	24.230	24.203	24.195
215	215001	0	24.230	24.211	24.199
216	216000	0	24.199	24.203	24.203
217	217001	0	24.242	24.199	24.207
218	218001	0	24.227	24.207	24.199
219	219001	0	24.223	24.211	24.207
220	220001	0	24.215	24.195	24.199
221	221001	0	24.211	24.219	24.188
222	222001	0	24.223	24.219	24.191
223	223001	0	24.211	24.219	24.195
224	224001	0	24.230	24.211	24.199
225	225001	0	24.207	24.223	24.184
226	226001	0	24.223	24.203	24.195
227	227001	0	24.215	24.211	24.188
228	228001	0	24.207	24.211	24.195
229	229001	0	24.223	24.203	24.191
230	230001	0	24.223	24.227	24.191
231	231000	0	24.227	24.223	24.195
232	232001	0	24.223	24.199	24.188
233	233001	0	24.215	24.207	24.184
234	234001	0	24.223	24.199	24.199
235	235001	0	24.219	24.207	24.191
236	236001	0	24.219	24.199	24.191
237	237001	0	24.219	24.199	24.180
238	238001	0	24.211	24.219	24.203
239	239001	0	24.215	24.207	24.176
240	240001	0	24.219	24.219	24.191
241	241001	0	24.223	24.215	24.184
242	242001	0	24.227	24.227	24.172
243	243001	0	24.223	24.227	24.184
244	244001	0	24.215	24.211	24.203
245	245001	0	24.219	24.215	24.195
246	246000	0	24.199	24.199	24.191
247	247001	0	24.227	24.207	24.188
248	248001	0	24.223	24.211	24.199
249	249001	0	24.199	24.191	24.191
250	250001	0	24.219	24.207	24.180
251	251001	0	24.223	24.207	24.195
252	252001	0	24.219	24.215	24.203
253	253001	0	24.223	24.211	24.195
254	254001	0	24.207	24.211	24.184
255	255001	0	24.227	24.199	24.188
256	256001	0	24.215	24.203	24.203
257	257001	0	24.215	24.195	24.188
258	258001	0	24.223	24.199	24.203
259	259001	0	24.230	24.199	24.191
260	260001	0	24.203	24.211	24.191
261	261000	0	24.215	24.207	24.188
262	262001	0	24.215	24.215	24.176
263	263001	0	24.215	24.207	24.188
264	264001	0	24.219	24.227	24.184
265	265001	0	24.219	24.203	24.176
266	266001	0	24.207	24.207	24.199
267	267001	0	24.215	24.215	24.203
268	268001	0	24.199	24.207	24.199
269	269001	0	24.223	24.211	24.188
270	270001	0	24.211	24.195	24.180
271	271001	0	24.207	24.207	24.188
272	272001	0	24.215	24.203	24.191
273	273001	0	24.227	24.199	24.180
274	274001	0	24.219	24.203	24.180
275	275001	0	24.215	24.191	24.188
276	276000	0	24.215	24.207	24.188
277	277001	0	24.207	24.211	24.191
278	278001	0	24.219	24.195	24.188
279	279001	0	24.215	24.203	24.188
280	280001	0	24.219	24.195	24.176
281	281001	0	24.215	24.207	24.207
282	282001	0	24.219	24.188	24.188
283	283001	0	24.203	24.195	24.195
284	284001	0	24.215	24.203	24.195
285	285001	0	24.230	24.207	24.172
286	286001	0	24.207	24.211	24.191
287	287001	0	24.219	24.211	24.172
288	288001	0	24.219	24.195	24.191
289	289001	0	24.207	24.184	24.188
290	290001	0	24.211	24.211	24.172
291	291000	0	24.223	24.199	24.188
292	292001	0	24.234	24.199	24.180
293	293001	0	24.215	24.195	24.168
294	294001	0	24.215	24.203	24.180
295	295001	0	24.219	24.191	24.172
296	296001	0	24.227	24.207	24.188
297	297001	0	24.207	24.211	24.168
298	298001	0	24.219	24.199	24.180
299	299001	0	24.207	24.203	24.180
300	300001	1	24.215	24.199	24.199
301	301001	1	24.211	24.336	24.188
302	302001	1	24.223	25.035	24.188
303	303001	1	24.242	25.930	24.219
304	304001	1	24.285	26.816	24.227
305	305001	1	24.301	27.605	24.254
306	306000	1	24.313	28.270	24.297
307	307001	1	24.371	28.813	24.316
308	308001	1	24.383	29.250	24.340
309	309001	1	24.398	29.609	24.367
310	310001	1	24.434	29.922	24.391
311	311001	1	24.469	30.176	24.434
312	312001	1	24.492	30.367	24.434
313	313001	1	24.520	30.547	24.465
314	314001	1	24.543	30.699	24.500
315	315001	1	24.559	30.820	24.516
316	316001	1	24.594	30.926	24.535
317	317001	1	24.609	31.004	24.555
318	318001	1	24.629	31.086	24.582
319	319001	1	24.656	31.172	24.602
320	320001	1	24.672	31.230	24.617
321	321001	1	24.699	31.285	24.656
322	322000	1	24.719	31.340	24.664
323	323001	1	24.723	31.371	24.695
324	324001	1	24.762	31.402	24.715
325	325001	1	24.777	31.465	24.719
326	326001	1	24.816	31.500	24.746
327	327001	1	24.844	31.523	24.754
328	328001	1	24.852	31.563	24.789
329	329001	1	24.859	31.594	24.805
330	330001	1	24.891	31.613	24.820
331	331001	1	24.895	31.645	24.840
332	332001	1	24.918	31.668	24.867
333	333001	1	24.957	31.695	24.859
334	334001	1	24.973	31.711	24.898
335	335001	1	24.980	31.742	24.910
336	336001	1	25.004	31.766	24.934
337	337000	1	25.016	31.793	24.961
338	338001	1	25.051	31.777	24.953
339	339001	1	25.074	31.820	24.980
340	340001	1	25.090	31.852	24.996
341	341001	1	25.078	31.871	25.023
342	342001	1	25.117	31.871	25.043
343	343001	1	25.125	31.902	25.055
344	344001	1	25.145	31.926	25.078
345	345001	1	25.168	31.934	25.105
346	346001	1	25.191	31.961	25.109
347	347001	1	25.207	31.977	25.121
348	348001	1	25.211	31.980	25.137
349	349001	1	25.250	32.020	25.168
350	350001	1	25.242	32.035	25.172
351	351001	1	25.266	32.066	25.195
352	352000	1	25.309	32.082	25.215
353	353001	1	25.305	32.094	25.223
354	354001	1	25.309	32.102	25.250
355	355001	1	25.352	32.125	25.258
356	356001	1	25.367	32.176	25.258
357	357001	1	25.387	32.168	25.285
358	358001	1	25.391	32.191	25.309
359	359001	1	25.406	32.199	25.320
360	360001	1	25.414	32.211	25.332
361	361001	1	25.434	32.227	25.344
362	362001	1	25.453	32.270	25.371
363	363001	1	25.469	32.262	25.379
364	364001	1	25.480	32.289	25.410
365	365001	1	25.512	32.297	25.410
366	366001	1	25.523	32.316	25.434
367	367001	1	25.543	32.324	25.445
368	368001	1	25.551	32.352	25.434
369	369001	1	25.559	32.355	25.484
370	370001	1	25.559	32.371	25.477
371	371001	1	25.582	32.379	25.504
372	372001	1	25.605	32.398	25.523
373	373001	1	25.621	32.426	25.516
374	374001	1	25.617	32.434	25.527
375	375001	1	25.656	32.453	25.566
376	376001	1	25.660	32.457	25.582
377	377001	1	25.668	32.480	25.570
378	378001	1	25.680	32.496	25.609
379	379001	1	25.695	32.508	25.625
380	380001	1	25.707	32.520	25.637
381	381001	1	25.727	32.555	25.641
382	382000	1	25.773	32.527	25.652
383	383001	1	25.762	32.570	25.668
384	384001	1	25.785	32.578	25.684
385	385001	1	25.797	32.605	25.707
386	386001	1	25.805	32.602	25.711
387	387001	1	25.820	32.621	25.723
388	388001	1	25.832	32.668	25.738
389	389001	1	25.848	32.645	25.750
390	390001	1	25.848	32.672	25.770
391	391001	1	25.867	32.680	25.773
392	392001	1	25.879	32.691	25.801
393	393001	1	25.898	32.723	25.809
394	394001	1	25.906	32.727	25.828
395	395001	1	25.930	32.723	25.840
396	396001	1	25.949	32.742	25.836
397	397000	1	25.957	32.766	25.859
398	398001	1	25.961	32.770	25.867
399	399001	1	25.996	32.781	25.895
400	400001	1	26.000	32.801	25.898
401	401001	1	26.012	32.809	25.918
402	402001	1	26.031	32.828	25.922
403	403001	1	26.035	32.840	25.926
404	404001	1	26.051	32.863	25.949
405	405001	1	26.066	32.871	25.965
406	406001	1	26.074	32.875	25.957
407	407001	1	26.078	32.891	25.984
408	408001	1	26.086	32.898	26.000
409	409001	1	26.113	32.910	26.012
410	410001	1	26.125	32.930	26.004
411	411001	1	26.145	32.938	26.035
412	412000	1	26.156	32.961	26.047
413	413001	1	26.164	32.965	26.059
414	414001	1	26.172	32.984	26.066
415	415001	1	26.180	32.992	26.086
416	416001	1	26.191	32.992	26.105
417	417001	1	26.207	33.012	26.105
418	418001	1	26.211	33.023	26.133
419	419001	1	26.223	33.039	26.133
420	420001	1	26.227	33.063	26.133
421	421001	1	26.262	33.059	26.152
422	422001	1	26.266	33.070	26.148
423	423001	1	26.273	33.094	26.172
424	424001	1	26.297	33.098	26.211
425	425001	1	26.297	33.105	26.199
426	426001	1	26.297	33.125	26.215
427	427000	1	26.332	33.133	26.219
428	428001	1	26.348	33.156	26.230
429	429001	1	26.348	33.145	26.234
430	430001	1	26.363	33.168	26.270
431	431001	1	26.359	33.172	26.258
432	432001	1	26.402	33.199	26.289
433	433001	1	26.391	33.207	26.301
434	434001	1	26.422	33.215	26.301
435	435001	1	26.430	33.223	26.324
436	436001	1	26.430	33.230	26.320
437	437001	1	26.430	33.250	26.340
438	438001	1	26.441	33.258	26.340
439	439001	1	26.461	33.270	26.367
440	440001	1	26.469	33.289	26.387
441	441001	1	26.477	33.293	26.379
442	442000	1	26.484	33.309	26.402
443	443001	1	26.512	33.316	26.398
444	444001	1	26.527	33.312	26.426
445	445001	1	26.523	33.352	26.434
446	446001	1	26.543	33.340	26.434
447	447001	1	26.543	33.344	26.469
448	448001	1	26.551	33.352	26.469
449	449001	1	26.574	33.383	26.473
450	450001	1	26.582	33.391	26.473
451	451001	1	26.582	33.395	26.492
452	452001	1	26.598	33.406	26.504
453	453001	1	26.605	33.414	26.508
454	454001	1	26.605	33.426	26.527
455	455001	1	26.652	33.438	26.531
456	456001	1	26.656	33.457	26.547
457	457000	1	26.672	33.465	26.555
458	458001	1	26.656	33.461	26.559
459	459001	1	26.664	33.477	26.574
460	460001	1	26.695	33.488	26.590
461	461001	1	26.684	33.500	26.613
462	462001	1	26.723	33.516	26.621
463	463001	1	26.723	33.508	26.617
464	464001	1	26.738	33.535	26.621
465	465001	1	26.727	33.551	26.625
466	466001	1	26.773	33.551	26.645
467	467001	1	26.762	33.586	26.660
468	468001	1	26.770	33.570	26.664
469	469001	1	26.766	33.602	26.688
470	470001	1	26.801	33.582	26.691
471	471001	1	26.805	33.605	26.711
472	472000	1	26.801	33.609	26.703
473	473001	1	26.832	33.613	26.723
474	474001	1	26.828	33.641	26.723
475	475001	1	26.844	33.629	26.750
476	476001	1	26.848	33.645	26.750
477	477001	1	26.859	33.656	26.773
478	478001	1	26.871	33.688	26.781
479	479001	1	26.898	33.695	26.801
480	480001	1	26.867	33.688	26.816
481	481001	1	26.902	33.703	26.793
482	482001	1	26.914	33.719	26.813
483	483001	1	26.934	33.723	26.832
484	484001	1	26.941	33.723	26.828
485	485001	1	26.941	33.734	26.855
486	486001	1	26.941	33.746	26.852
487	487001	1	26.961	33.758	26.855
488	488001	1	26.984	33.766	26.871
489	489001	1	26.977	33.781	26.887
490	490001	1	26.988	33.789	26.898
491	491001	1	26.988	33.793	26.898
492	492001	1	27.023	33.793	26.914
493	493001	1	27.016	33.820	26.910
494	494001	1	27.043	33.820	26.941
495	495001	1	27.043	33.836	26.953
496	496001	1	27.047	33.824	26.945
497	497001	1	27.055	33.844	26.961
498	498001	1	27.059	33.859	26.961
499	499001	1	27.066	33.871	26.992
500	500001	1	27.102	33.898	27.004
501	501001	1	27.109	33.887	26.996
502	502001	1	27.105	33.879	27.012
503	503001	1	27.117	33.898	27.023
504	504001	1	27.133	33.937	27.027
505	505001	1	27.141	33.906	27.027
506	506001	1	27.160	33.937	27.047
507	507001	1	27.168	33.949	27.051
508	508001	1	27.164	33.945	27.059
509	509001	1	27.195	33.965	27.059
510	510001	1	27.184	33.980	27.082
511	511001	1	27.180	33.977	27.098
512	512001	1	27.211	33.992	27.102
513	513001	1	27.199	33.988	27.113
514	514001	1	27.230	34.008	27.117
515	515001	1	27.227	34.016	27.125
516	516001	1	27.238	34.020	27.137
517	517000	1	27.242	34.027	27.137
518	518001	1	27.254	34.043	27.156
519	519001	1	27.246	34.035	27.176
520	520001	1	27.273	34.047	27.191
521	521001	1	27.297	34.086	27.195
522	522001	1	27.293	34.082	27.188
523	523001	1	27.309	34.082	27.211
524	524001	1	27.320	34.098	27.219
525	525001	1	27.324	34.102	27.227
526	526001	1	27.340	34.109	27.219
527	527001	1	27.344	34.129	27.250
528	528001	1	27.367	34.125	27.246
529	529001	1	27.348	34.137	27.258
530	530001	1	27.379	34.160	27.270
531	531001	1	27.371	34.152	27.285
532	532000	1	27.387	34.164	27.285
533	533001	1	27.391	34.160	27.293
534	534001	1	27.414	34.180	27.297
535	535001	1	27.426	34.191	27.316
536	536001	1	27.426	34.191	27.320
537	537001	1	27.426	34.219	27.328
538	538001	1	27.441	34.230	27.344
539	539001	1	27.449	34.230	27.355
540	540001	1	27.469	34.230	27.367
541	541001	1	27.480	34.242	27.367
542	542001	1	27.484	34.246	27.383
543	543001	1	27.480	34.258	27.379
544	544001	1	27.492	34.262	27.387
545	545001	1	27.500	34.273	27.395
546	546001	1	27.508	34.293	27.406
547	547000	1	27.508	34.293	27.422
548	548001	1	27.527	34.297	27.430
549	549001	1	27.547	34.313	27.441
550	550001	1	27.551	34.320	27.449
551	551001	1	27.563	34.332	27.457
552	552001	1	27.574	34.336	27.477
553	553001	1	27.570	34.336	27.469
554	554001	1	27.582	34.348	27.480
555	555001	1	27.590	34.359	27.488
556	556001	1	27.590	34.367	27.512
557	557001	1	27.594	34.379	27.504
558	558001	1	27.629	34.387	27.516
559	559001	1	27.645	34.391	27.516
560	560001	1	27.625	34.418	27.520
561	561001	1	27.645	34.418	27.543
562	562000	1	27.648	34.398	27.559
563	563001	1	27.656	34.422	27.574
564	564001	1	27.676	34.434	27.578
565	565001	1	27.687	34.453	27.578
566	566001	1	27.691	34.438	27.598
567	567001	1	27.703	34.453	27.578
568	568001	1	27.719	34.465	27.609
569	569001	1	27.719	34.469	27.625
570	570001	1	27.723	34.484	27.629
571	571001	1	27.723	34.488	27.625
572	572001	1	27.746	34.504	27.645
573	573001	1	27.742	34.504	27.656
574	574001	1	27.754	34.508	27.660
575	575001	1	27.762	34.520	27.672
576	576001	1	27.773	34.543	27.684
577	577001	1	27.781	34.523	27.676
578	578000	1	27.805	34.551	27.684
579	579001	1	27.793	34.551	27.715
580	580001	1	27.801	34.562	27.707
581	581001	1	27.805	34.586	27.715
582	582001	1	27.816	34.574	27.738
583	583001	1	27.828	34.578	27.742
584	584001	1	27.844	34.605	27.742
585	585001	1	27.844	34.598	27.742
586	586001	1	27.859	34.617	27.770
587	587001	1	27.859	34.617	27.754
588	588001	1	27.859	34.621	27.773
589	589001	1	27.883	34.633	27.777
590	590001	1	27.887	34.633	27.793
591	591001	1	27.895	34.648	27.816
592	592001	1	27.898	34.641	27.801
593	593000	1	27.914	34.672	27.828
594	594001	1	27.922	34.668	27.813
595	595001	1	27.922	34.684	27.840
596	596001	1	27.961	34.695	27.836
597	597001	1	27.945	34.688	27.859
598	598001	1	27.949	34.707	27.859
599	599001	1	27.961	34.707	27.859
600	600001	1	27.969	34.703	27.883
601	601001	1	27.988	34.730	27.891
602	602001	1	27.980	34.734	27.895
603	603001	1	28.008	34.754	27.910
604	604001	1	27.988	34.742	27.902
605	605000	1	28.020	34.762	27.914
606	606001	1	28.043	34.770	27.941
607	607001	1	28.043	34.773	27.934
608	608000	1	28.043	34.789	27.941
609	609001	1	28.043	34.766	27.969
610	610001	1	28.051	34.805	27.969
611	611001	1	28.070	34.797	27.965
612	612001	1	28.063	34.813	27.961
613	613001	1	28.086	34.820	27.980
614	614001	1	28.094	34.824	27.988
615	615001	1	28.082	34.852	28.004
616	616001	1	28.094	34.840	28.004
617	617001	1	28.121	34.852	28.020
618	618001	1	28.113	34.863	28.020
619	619001	1	28.113	34.852	28.020
620	620001	1	28.148	34.863	28.047
621	621001	1	28.137	34.875	28.051
622	622001	1	28.148	34.887	28.055
623	623000	1	28.156	34.902	28.066
624	624001	1	28.160	34.902	28.066
625	625001	1	28.168	34.914	28.078
626	626001	1	28.188	34.926	28.086
627	627001	1	28.195	34.922	28.113
628	628001	1	28.207	34.926	28.109
629	629001	1	28.191	34.941	28.133
630	630001	1	28.211	34.949	28.125
631	631001	1	28.234	34.945	28.133
632	632001	1	28.234	34.965	28.125
633	633001	1	28.242	34.977	28.137
634	634001	1	28.250	34.969	28.148
635	635001	1	28.254	35.004	28.152
636	636001	1	28.281	35.000	28.176
637	637001	1	28.289	35.012	28.176
638	638000	1	28.289	35.004	28.180
639	639001	1	28.289	35.016	28.195
640	640001	1	28.297	35.027	28.195
641	641001	1	28.313	35.031	28.223
642	642001	1	28.316	35.051	28.223
643	643001	1	28.316	35.059	28.234
644	644001	1	28.340	35.059	28.230
645	645001	1	28.332	35.066	28.238
646	646001	1	28.344	35.059	28.250
647	647001	1	28.340	35.078	28.273
648	648001	1	28.359	35.090	28.266
649	649001	1	28.371	35.090	28.270
650	650001	1	28.363	35.098	28.277
651	651001	1	28.387	35.109	28.289
652	652001	1	28.391	35.121	28.289
653	653000	1	28.395	35.121	28.301
654	654001	1	28.406	35.137	28.309
655	655001	1	28.422	35.133	28.320
656	656001	1	28.418	35.141	28.309
657	657001	1	28.426	35.152	28.344
658	658001	1	28.457	35.168	28.340
659	659001	1	28.445	35.168	28.352
660	660001	1	28.461	35.172	28.359
661	661001	1	28.477	35.195	28.363
662	662001	1	28.477	35.207	28.363
663	663001	1	28.465	35.187	28.383
664	664001	1	28.488	35.191	28.402
665	665001	1	28.496	35.211	28.387
666	666001	1	28.500	35.215	28.410
667	667001	1	28.508	35.219	28.418
668	668000	1	28.516	35.230	28.410
669	669001	1	28.520	35.238	28.426
670	670001	1	28.527	35.230	28.438
671	671001	1	28.535	35.250	28.434
672	672001	1	28.563	35.266	28.449
673	673001	1	28.570	35.273	28.441
674	674001	1	28.570	35.281	28.465
675	675001	1	28.570	35.285	28.496
676	676001	1	28.582	35.289	28.496
677	677001	1	28.574	35.301	28.500
678	678001	1	28.609	35.316	28.504
679	679001	1	28.605	35.293	28.492
680	680001	1	28.613	35.320	28.516
681	681001	1	28.629	35.309	28.512
682	682001	1	28.621	35.324	28.527
683	683000	1	28.637	35.348	28.531
684	684001	1	28.641	35.359	28.539
685	685001	1	28.660	35.371	28.559
686	686001	1	28.668	35.371	28.559
687	687001	1	28.672	35.379	28.574
688	688001	1	28.688	35.371	28.578
689	689001	1	28.691	35.379	28.582
690	690001	1	28.676	35.398	28.590
691	691001	1	28.703	35.383	28.578
692	692001	1	28.711	35.410	28.594
693	693001	1	28.707	35.422	28.645
694	694001	1	28.715	35.434	28.637
695	695001	1	28.738	35.426	28.629
696	696001	1	28.730	35.438	28.648
697	697001	1	28.746	35.430	28.641
698	698000	1	28.734	35.441	28.641
699	699001	1	28.762	35.453	28.652
700	700001	1	28.762	35.469	28.664
701	701001	1	28.773	35.465	28.664
702	702001	1	28.770	35.473	28.684
703	703001	1	28.801	35.496	28.691
704	704001	1	28.797	35.488	28.684
705	705001	1	28.797	35.496	28.707
706	706001	1	28.809	35.488	28.707
707	707001	1	28.824	35.516	28.723
708	708001	1	28.824	35.520	28.734
709	709001	1	28.828	35.527	28.742
710	710001	1	28.844	35.531	28.762
711	711001	1	28.848	35.539	28.766
712	712001	1	28.871	35.563	28.770
713	713000	1	28.863	35.559	28.754
714	714001	1	28.875	35.551	28.781
715	715001	1	28.879	35.578	28.785
716	716001	1	28.895	35.574	28.789
717	717001	1	28.898	35.594	28.816
718	718001	1	28.902	35.586	28.824
719	719001	1	28.910	35.602	28.809
720	720001	1	28.926	35.613	28.813
721	721001	1	28.910	35.617	28.832
722	722001	1	28.930	35.617	28.844
723	723001	1	28.941	35.621	28.848
724	724001	1	28.941	35.633	28.852
725	725001	1	28.949	35.637	28.859
726	726001	1	28.957	35.637	28.867
727	727001	1	28.984	35.660	28.879
728	728000	1	28.965	35.664	28.879
729	729001	1	29.000	35.660	28.875
730	730001	1	28.996	35.672	28.875
731	731001	1	29.000	35.672	28.910
732	732001	1	29.008	35.680	28.914
733	733001	1	29.012	35.703	28.918
734	734001	1	29.012	35.703	28.938
735	735001	1	29.027	35.723	28.941
736	736001	1	29.047	35.727	28.930
737	737001	1	29.059	35.707	28.953
738	738001	1	29.035	35.715	28.949
739	739001	1	29.078	35.734	28.961
740	740001	1	29.074	35.738	28.977
741	741001	1	29.082	35.746	28.977
742	742001	1	29.090	35.758	28.980
743	743000	1	29.090	35.758	29.000
744	744001	1	29.102	35.770	29.000
745	745001	1	29.105	35.793	29.012
746	746001	1	29.098	35.789	29.020
747	747001	1	29.125	35.785	29.031
748	748001	1	29.133	35.809	29.035
749	749001	1	29.129	35.789	29.027
750	750001	1	29.129	35.805	29.051
751	751001	1	29.141	35.809	29.066
752	752001	1	29.152	35.797	29.043
753	753001	1	29.176	35.828	29.070
754	754001	1	29.184	35.832	29.070
755	755001	1	29.176	35.848	29.074
756	756001	1	29.180	35.855	29.094
757	757001	1	29.191	35.840	29.090
758	758000	1	29.188	35.867	29.109
759	759001	1	29.191	35.875	29.109
760	760001	1	29.230	35.875	29.129
761	761001	1	29.215	35.887	29.125
762	762001	1	29.242	35.902	29.137
763	763001	1	29.242	35.914	29.129
764	764001	1	29.246	35.898	29.164
765	765001	1	29.270	35.910	29.152
766	766001	1	29.270	35.922	29.156
767	767001	1	29.277	35.926	29.188
768	768001	1	29.273	35.934	29.184
769	769001	1	29.270	35.941	29.172
770	770001	1	29.301	35.945	29.199
771	771001	1	29.281	35.961	29.184
772	772001	1	29.289	35.961	29.195
773	773000	1	29.316	35.973	29.215
774	774001	1	29.316	35.984	29.223
775	775001	1	29.324	35.988	29.246
776	776001	1	29.336	35.988	29.258
777	777001	1	29.352	36.012	29.234
778	778001	1	29.355	35.988	29.250
779	779001	1	29.344	36.008	29.250
780	780001	1	29.375	36.016	29.262
781	781001	1	29.371	36.027	29.289
782	782001	1	29.391	36.023	29.273
783	783001	1	29.387	36.027	29.297
784	784001	1	29.387	36.043	29.297
785	785001	1	29.398	36.047	29.313
786	786001	1	29.406	36.051	29.305
787	787001	1	29.410	36.063	29.332
788	788000	1	29.422	36.078	29.309
789	789001	1	29.426	36.078	29.340
790	790001	1	29.441	36.086	29.344
791	791001	1	29.438	36.098	29.340
792	792001	1	29.449	36.086	29.355
793	793001	1	29.457	36.117	29.371
794	794001	1	29.480	36.098	29.371
795	795001	1	29.480	36.109	29.375
796	796001	1	29.480	36.121	29.383
797	797001	1	29.488	36.121	29.387
798	798001	1	29.488	36.129	29.395
799	799001	1	29.500	36.137	29.414
800	800001	1	29.488	36.160	29.402
801	801001	1	29.512	36.156	29.414
802	802001	1	29.535	36.176	29.414
803	803000	1	29.520	36.188	29.430
804	804001	1	29.527	36.176	29.434
805	805001	1	29.555	36.184	29.438
806	806001	1	29.555	36.191	29.457
807	807001	1	29.566	36.203	29.453
808	808001	1	29.551	36.207	29.473
809	809001	1	29.559	36.199	29.461
810	810001	1	29.578	36.215	29.492
811	811001	1	29.590	36.227	29.484
812	812001	1	29.582	36.211	29.488
813	813001	1	29.594	36.234	29.492
814	814001	1	29.617	36.238	29.516
815	815001	1	29.609	36.262	29.523
816	816001	1	29.621	36.262	29.516
817	817001	1	29.609	36.266	29.523
818	818000	1	29.633	36.273	29.547
819	819001	1	29.641	36.285	29.543
820	820001	1	29.641	36.289	29.559
821	821001	1	29.660	36.273	29.555
822	822001	1	29.664	36.293	29.563
823	823001	1	29.660	36.297	29.563
824	824001	1	29.684	36.313	29.586
825	825001	1	29.688	36.316	29.578
826	826001	1	29.684	36.313	29.578
827	827001	1	29.707	36.340	29.598
828	828001	1	29.719	36.324	29.617
829	829001	1	29.723	36.352	29.613
830	830001	1	29.715	36.348	29.621
831	831001	1	29.723	36.359	29.637
832	832001	1	29.727	36.332	29.633
833	833001	1	29.758	36.391	29.656
834	834000	1	29.734	36.375	29.645
835	835001	1	29.770	36.391	29.656
836	836001	1	29.770	36.375	29.664
837	837001	1	29.770	36.391	29.680
838	838001	1	29.781	36.398	29.676
839	839001	1	29.781	36.406	29.680
840	840001	1	29.793	36.422	29.711
841	841001	1	29.809	36.426	29.695
842	842001	1	29.805	36.414	29.730
843	843001	1	29.801	36.445	29.715
844	844001	1	29.820	36.434	29.711
845	845001	1	29.824	36.441	29.738
846	846001	1	29.832	36.457	29.742
847	847001	1	29.840	36.473	29.742
848	848001	1	29.848	36.453	29.754
849	849000	1	29.852	36.473	29.766
850	850001	1	29.859	36.473	29.766
851	851001	1	29.867	36.500	29.773
852	852001	1	29.879	36.477	29.789
853	853001	1	29.879	36.492	29.770
854	854001	1	29.887	36.508	29.789
855	855001	1	29.895	36.520	29.793
856	856001	1	29.898	36.508	29.820
857	857001	1	29.910	36.531	29.832
858	858001	1	29.930	36.527	29.824
859	859001	1	29.922	36.551	29.836
860	860001	1	29.926	36.535	29.828
861	861001	1	29.938	36.555	29.836
862	862001	1	29.930	36.563	29.836
863	863001	1	29.953	36.539	29.852
864	864000	1	29.957	36.563	29.863
865	865001	1	29.953	36.594	29.871
866	866001	1	29.977	36.602	29.887
867	867001	1	29.977	36.598	29.891
868	868001	1	29.984	36.578	29.887
869	869001	1	29.992	36.598	29.891
870	870001	1	30.008	36.609	29.898
871	871001	1	30.008	36.621	29.918
872	872001	1	30.016	36.629	29.918
873	873001	1	30.012	36.629	29.941
874	874001	1	30.020	36.641	29.934
875	875001	1	30.023	36.652	29.953
876	876001	1	30.055	36.668	29.949
877	877001	1	30.059	36.656	29.957
878	878001	1	30.063	36.668	29.957
879	879000	1	30.059	36.668	29.957
880	880001	1	30.070	36.672	29.961
881	881001	1	30.066	36.684	29.988
882	882001	1	30.082	36.688	30.004
883	883001	1	30.094	36.711	29.996
884	884001	1	30.094	36.691	29.996
885	885001	1	30.117	36.703	30.008
886	886001	1	30.121	36.707	30.016
887	887001	1	30.109	36.719	30.020
888	888001	1	30.129	36.742	30.043
889	889001	1	30.121	36.730	30.016
890	890001	1	30.145	36.723	30.035
891	891001	1	30.129	36.750	30.055
892	892001	1	30.148	36.750	30.063
893	893001	1	30.148	36.750	30.055
894	894000	1	30.176	36.758	30.070
895	895001	1	30.184	36.777	30.063
896	896001	1	30.172	36.766	30.086
897	897001	1	30.199	36.777	30.086
898	898001	1	30.187	36.789	30.086
899	899001	1	30.191	36.813	30.102
900	900001	1	30.215	36.785	30.125
901	901001	1	30.215	36.789	30.125
902	902001	1	30.230	36.801	30.129
903	903001	1	30.230	36.828	30.137
904	904001	1	30.227	36.824	30.141
905	905001	1	30.234	36.836	30.129
906	906001	1	30.250	36.836	30.148
907	907001	1	30.234	36.836	30.156
908	908001	1	30.266	36.867	30.148
909	909000	1	30.258	36.875	30.187
910	910001	1	30.250	36.875	30.184
911	911001	1	30.270	36.863	30.187
912	912001	1	30.285	36.871	30.199
913	913001	1	30.277	36.902	30.191
914	914001	1	30.297	36.891	30.207
915	915001	1	30.301	36.910	30.207
916	916001	1	30.313	36.891	30.207
917	917001	1	30.324	36.898	30.234
918	918001	1	30.328	36.922	30.234
919	919001	1	30.320	36.914	30.230
920	920001	1	30.355	36.930	30.250
921	921001	1	30.332	36.945	30.262
922	922001	1	30.348	36.949	30.266
923	923001	1	30.352	36.949	30.266
924	924000	1	30.367	36.949	30.277
925	925001	1	30.367	36.961	30.281
926	926001	1	30.383	36.973	30.273
927	927001	1	30.395	36.949	30.297
928	928001	1	30.387	36.977	30.316
929	929001	1	30.402	36.984	30.305
930	930001	1	30.414	36.977	30.305
931	931001	1	30.414	36.996	30.316
932	932001	1	30.418	37.012	30.324
933	933001	1	30.426	37.000	30.355
934	934001	1	30.445	36.996	30.348
935	935001	1	30.445	37.023	30.355
936	936001	1	30.445	37.023	30.363
937	937001	1	30.445	37.023	30.363
938	938001	1	30.469	37.047	30.363
939	939000	1	30.469	37.035	30.383
940	940001	1	30.473	37.059	30.383
941	941001	1	30.492	37.055	30.379
942	942001	1	30.477	37.074	30.379
943	943001	1	30.492	37.066	30.402
944	944001	1	30.508	37.086	30.410
945	945001	1	30.504	37.074	30.430
946	946001	1	30.516	37.090	30.418
947	947001	1	30.520	37.098	30.422
948	948001	1	30.523	37.098	30.426
949	949001	1	30.531	37.109	30.430
950	950001	1	30.547	37.113	30.438
951	951001	1	30.555	37.133	30.453
952	952001	1	30.563	37.125	30.457
953	953001	1	30.566	37.129	30.469
954	954000	1	30.570	37.129	30.480
955	955001	1	30.578	37.148	30.480
956	956001	1	30.574	37.160	30.488
957	957001	1	30.590	37.152	30.492
958	958001	1	30.578	37.156	30.496
959	959001	1	30.605	37.176	30.492
960	960001	1	30.598	37.184	30.512
961	961001	1	30.621	37.180	30.520
962	962001	1	30.625	37.180	30.516
963	963001	1	30.633	37.180	30.531
964	964001	1	30.637	37.203	30.520
965	965001	1	30.648	37.215	30.531
966	966001	1	30.645	37.230	30.563
967	967001	1	30.668	37.211	30.582
968	968001	1	30.656	37.223	30.551
969	969000	1	30.660	37.227	30.574
970	970001	1	30.672	37.230	30.594
971	971001	1	30.684	37.254	30.574
972	972001	1	30.695	37.242	30.602
973	973001	1	30.695	37.254	30.598
974	974001	1	30.699	37.258	30.609
975	975001	1	30.703	37.277	30.617
976	976001	1	30.730	37.297	30.617
977	977001	1	30.734	37.273	30.625
978	978001	1	30.727	37.285	30.637
979	979001	1	30.742	37.285	30.648
980	980001	1	30.746	37.297	30.637
981	981001	1	30.758	37.285	30.664
982	982001	1	30.754	37.316	30.668
983	983001	1	30.773	37.309	30.664
984	984001	1	30.770	37.332	30.664
985	985001	1	30.766	37.332	30.684
986	986001	1	30.773	37.332	30.672
987	987001	1	30.785	37.332	30.688
988	988001	1	30.801	37.348	30.691
989	989001	1	30.801	37.352	30.703
990	990001	1	30.805	37.371	30.711
991	991001	1	30.816	37.367	30.730
992	992001	1	30.801	37.375	30.723
993	993001	1	30.820	37.371	30.719
994	994001	1	30.832	37.375	30.730
995	995001	1	30.840	37.383	30.750
996	996001	1	30.852	37.398	30.742
997	997001	1	30.848	37.387	30.758
998	998001	1	30.852	37.426	30.762
999	999000	1	30.867	37.422	30.777
1000	1000001	1	30.879	37.422	30.777
1001	1001001	1	30.863	37.418	30.777
1002	1002001	1	30.879	37.426	30.793
1003	1003001	1	30.883	37.434	30.793
1004	1004001	1	30.891	37.445	30.812
1005	1005001	1	30.902	37.445	30.805
1006	1006001	1	30.910	37.457	30.812
1007	1007001	1	30.914	37.449	30.816
1008	1008001	1	30.906	37.465	30.832
1009	1009001	1	30.941	37.492	30.836
1010	1010001	1	30.949	37.477	30.832
1011	1011001	1	30.938	37.492	30.828
1012	1012001	1	30.949	37.492	30.852
1013	1013000	1	30.953	37.492	30.852
1014	1014001	1	30.953	37.508	30.863
1015	1015001	1	30.977	37.516	30.887
1016	1016001	1	30.988	37.512	30.891
1017	1017001	1	30.969	37.504	30.887
1018	1018001	1	30.977	37.535	30.902
1019	1019001	1	31.008	37.539	30.887
1020	1020001	1	31.000	37.539	30.918
1021	1021001	1	30.996	37.555	30.895
1022	1022001	1	31.000	37.539	30.914
1023	1023001	1	31.027	37.555	30.926
1024	1024001	1	31.012	37.559	30.934
1025	1025001	1	31.043	37.566	30.938
1026	1026001	1	31.047	37.566	30.945
1027	1027001	1	31.035	37.590	30.941
1028	1028000	1	31.051	37.582	30.949
1029	1029001	1	31.055	37.594	30.973
1030	1030001	1	31.043	37.598	30.980
1031	1031001	1	31.070	37.609	30.961
1032	1032001	1	31.074	37.609	30.977
1033	1033001	1	31.090	37.633	30.996
1034	1034001	1	31.086	37.613	30.980
1035	1035001	1	31.113	37.641	31.004
1036	1036001	1	31.094	37.629	31.008
1037	1037001	1	31.113	37.652	31.012
1038	1038001	1	31.121	37.637	31.012
1039	1039001	1	31.113	37.652	31.031
1040	1040001	1	31.109	37.672	31.051
1041	1041001	1	31.129	37.668	31.023
1042	1042000	1	31.129	37.676	31.027
1043	1043001	1	31.148	37.672	31.051
1044	1044001	1	31.160	37.684	31.059
1045	1045001	1	31.160	37.687	31.059
1046	1046001	1	31.164	37.691	31.070
1047	1047001	1	31.172	37.699	31.082
1048	1048001	1	31.160	37.703	31.082
1049	1049001	1	31.195	37.715	31.090
1050	1050001	1	31.191	37.711	31.086
1051	1051001	1	31.199	37.723	31.102
1052	1052001	1	31.207	37.734	31.102
1053	1053001	1	31.219	37.715	31.105
1054	1054001	1	31.219	37.746	31.133
1055	1055001	1	31.227	37.730	31.133
1056	1056000	1	31.234	37.758	31.129
1057	1057001	1	31.227	37.758	31.137
1058	1058001	1	31.254	37.754	31.152
1059	1059001	1	31.246	37.754	31.152
1060	1060001	1	31.262	37.781	31.156
1061	1061001	1	31.266	37.777	31.168
1062	1062001	1	31.254	37.793	31.176
1063	1063001	1	31.277	37.793	31.180
1064	1064001	1	31.270	37.805	31.184
1065	1065001	1	31.297	37.816	31.191
1066	1066001	1	31.293	37.801	31.203
1067	1067001	1	31.281	37.801	31.195
1068	1068001	1	31.297	37.824	31.203
1069	1069001	1	31.309	37.809	31.215
1070	1070000	1	31.320	37.840	31.227
1071	1071001	1	31.313	37.848	31.211
1072	1072001	1	31.320	37.844	31.234
1073	1073001	1	31.336	37.867	31.227
1074	1074001	1	31.344	37.844	31.250
1075	1075001	1	31.332	37.867	31.246
1076	1076001	1	31.363	37.863	31.246
1077	1077001	1	31.371	37.875	31.273
1078	1078001	1	31.375	37.891	31.273
1079	1079001	1	31.383	37.898	31.277
1080	1080001	1	31.367	37.895	31.289
1081	1081001	1	31.383	37.906	31.297
1082	1082001	1	31.398	37.910	31.289
1083	1083001	1	31.402	37.918	31.305
1084	1084001	1	31.402	37.914	31.320
1085	1085000	1	31.410	37.926	31.320
1086	1086001	1	31.418	37.922	31.328
1087	1087001	1	31.426	37.941	31.328
1088	1088001	1	31.445	37.957	31.332
1089	1089001	1	31.430	37.949	31.340
1090	1090001	1	31.437	37.945	31.344
1091	1091001	1	31.430	37.969	31.352
1092	1092001	1	31.445	37.980	31.363
1093	1093001	1	31.453	37.980	31.379
1094	1094001	1	31.469	37.977	31.371
1095	1095001	1	31.469	37.961	31.371
1096	1096001	1	31.473	37.992	31.395
1097	1097001	1	31.469	37.996	31.395
1098	1098001	1	31.488	38.012	31.387
1099	1099000	1	31.508	37.996	31.406
1100	1100001	1	31.504	38.016	31.398
1101	1101001	1	31.504	38.027	31.402
1102	1102001	1	31.512	38.016	31.422
1103	1103001	1	31.512	38.020	31.445
1104	1104001	1	31.520	38.043	31.430
1105	1105001	1	31.523	38.035	31.441
1106	1106001	1	31.535	38.047	31.449
1107	1107001	1	31.559	38.059	31.461
1108	1108001	1	31.559	38.063	31.449
1109	1109001	1	31.563	38.059	31.469
1110	1110001	1	31.566	38.074	31.473
1111	1111001	1	31.574	38.074	31.480
1112	1112001	1	31.566	38.082	31.488
1113	1113000	1	31.582	38.086	31.484
1114	1114001	1	31.590	38.090	31.504
1115	1115001	1	31.594	38.090	31.512
1116	1116001	1	31.602	38.105	31.508
1117	1117001	1	31.613	38.094	31.523
1118	1118001	1	31.617	38.109	31.516
1119	1119001	1	31.613	38.125	31.520
1120	1120001	1	31.633	38.117	31.531
1121	1121001	1	31.625	38.117	31.547
1122	1122001	1	31.625	38.145	31.543
1123	1123001	1	31.652	38.137	31.547
1124	1124001	1	31.637	38.156	31.555
1125	1125001	1	31.664	38.148	31.559
1126	1126001	1	31.664	38.145	31.582
1127	1127000	1	31.684	38.168	31.578
1128	1128001	1	31.668	38.172	31.586
1129	1129001	1	31.676	38.168	31.570
1130	1130001	1	31.684	38.172	31.605
1131	1131001	1	31.684	38.191	31.590
1132	1132001	1	31.695	38.184	31.602
1133	1133001	1	31.711	38.199	31.602
1134	1134001	1	31.715	38.195	31.621
1135	1135001	1	31.711	38.211	31.637
1136	1136001	1	31.711	38.227	31.633
1137	1137001	1	31.730	38.223	31.633
1138	1138001	1	31.730	38.219	31.633
1139	1139001	1	31.723	38.246	31.633
1140	1140001	1	31.746	38.230	31.656
1141	1141000	1	31.758	38.242	31.660
1142	1142001	1	31.750	38.242	31.676
1143	1143001	1	31.762	38.258	31.676
1144	1144001	1	31.770	38.254	31.664
1145	1145001	1	31.797	38.246	31.691
1146	1146001	1	31.797	38.262	31.684
1147	1147001	1	31.789	38.266	31.695
1148	1148001	1	31.793	38.285	31.699
1149	1149001	1	31.793	38.277	31.711
1150	1150001	1	31.801	38.301	31.719
1151	1151001	1	31.805	38.301	31.719
1152	1152001	1	31.820	38.313	31.719
1153	1153001	1	31.809	38.309	31.723
1154	1154001	1	31.828	38.320	31.738
1155	1155001	1	31.852	38.316	31.746
1156	1156000	1	31.836	38.313	31.754
1157	1157001	1	31.859	38.324	31.750
1158	1158001	1	31.855	38.336	31.766
1159	1159001	1	31.844	38.355	31.762
1160	1160001	1	31.875	38.340	31.766
1161	1161001	1	31.883	38.336	31.766
1162	1162001	1	31.871	38.355	31.797
1163	1163001	1	31.887	38.363	31.793
1164	1164001	1	31.883	38.359	31.797
1165	1165001	1	31.891	38.371	31.809
1166	1166001	1	31.906	38.367	31.813
1167	1167001	1	31.922	38.391	31.816
1168	1168001	1	31.898	38.379	31.809
1169	1169001	1	31.922	38.387	31.832
1170	1170000	1	31.934	38.406	31.828
1171	1171001	1	31.930	38.398	31.844
1172	1172001	1	31.941	38.418	31.848
1173	1173001	1	31.945	38.422	31.840
1174	1174001	1	31.949	38.430	31.855
1175	1175001	1	31.961	38.445	31.863
1176	1176001	1	31.961	38.453	31.863
1177	1177001	1	31.957	38.434	31.879
1178	1178001	1	31.988	38.457	31.887
1179	1179001	1	31.973	38.477	31.887
1180	1180001	1	31.977	38.473	31.895
1181	1181001	1	31.996	38.449	31.875
1182	1182001	1	32.008	38.457	31.898
1183	1183001	1	32.008	38.480	31.914
1184	1184000	1	32.012	38.480	31.910
1185	1185001	1	32.008	38.484	31.922
1186	1186001	1	32.027	38.488	31.938
1187	1187001	1	32.023	38.504	31.938
1188	1188001	1	32.039	38.512	31.934
1189	1189001	1	32.043	38.492	31.945
1190	1190001	1	32.051	38.512	31.957
1191	1191001	1	32.047	38.508	31.953
1192	1192001	1	32.055	38.527	31.961
1193	1193001	1	32.039	38.527	31.969
1194	1194001	1	32.070	38.535	31.977
1195	1195001	1	32.062	38.551	31.965
1196	1196001	1	32.098	38.547	31.984
1197	1197001	1	32.082	38.559	32.004
1198	1198000	1	32.109	38.563	31.996
1199	1199001	1	32.109	38.570	32.008
1200	1200001	1	32.102	38.563	32.012
1201	1201001	1	32.090	38.574	32.023
1202	1202001	1	32.109	38.590	32.020
1203	1203001	1	32.129	38.578	32.039
1204	1204001	1	32.133	38.594	32.031
1205	1205001	1	32.125	38.590	32.043
1206	1206001	1	32.152	38.605	32.043
1207	1207001	1	32.145	38.602	32.070
1208	1208001	1	32.168	38.605	32.059
1209	1209001	1	32.160	38.621	32.055
1210	1210001	1	32.160	38.625	32.078
1211	1211001	1	32.172	38.625	32.066
1212	1212000	1	32.172	38.645	32.059
1213	1213000	1	32.176	38.641	32.094
1214	1214001	1	32.184	38.625	32.098
1215	1215001	1	32.199	38.625	32.090
1216	1216001	1	32.195	38.652	32.090
1217	1217001	1	32.184	38.656	32.102
1218	1218001	1	32.230	38.680	32.098
1219	1219001	1	32.215	38.652	32.129
1220	1220001	1	32.223	38.672	32.125
1221	1221001	1	32.234	38.695	32.129
1222	1222001	1	32.230	38.684	32.137
1223	1223001	1	32.242	38.695	32.141
1224	1224001	1	32.262	38.699	32.145
1225	1225001	1	32.254	38.715	32.152
1226	1226001	1	32.266	38.707	32.156
1227	1227000	1	32.254	38.695	32.172
1228	1228001	1	32.289	38.742	32.180
1229	1229001	1	32.297	38.738	32.184
1230	1230001	1	32.281	38.711	32.176
1231	1231001	1	32.270	38.754	32.184
1232	1232001	1	32.277	38.734	32.195
1233	1233001	1	32.289	38.750	32.195
1234	1234001	1	32.301	38.754	32.203
1235	1235001	1	32.293	38.766	32.227
1236	1236001	1	32.313	38.750	32.211
1237	1237001	1	32.313	38.758	32.227
1238	1238001	1	32.332	38.797	32.238
1239	1239001	1	32.313	38.777	32.234
1240	1240001	1	32.324	38.801	32.246
1241	1241000	1	32.344	38.793	32.266
1242	1242001	1	32.355	38.805	32.258
1243	1243001	1	32.340	38.816	32.250
1244	1244001	1	32.348	38.816	32.262
1245	1245001	1	32.363	38.813	32.281
1246	1246001	1	32.371	38.828	32.273
1247	1247001	1	32.398	38.836	32.281
1248	1248001	1	32.383	38.848	32.281
1249	1249001	1	32.395	38.832	32.313
1250	1250001	1	32.387	38.828	32.293
1251	1251001	1	32.391	38.855	32.316
1252	1252001	1	32.402	38.859	32.313
1253	1253001	1	32.414	38.840	32.332
1254	1254001	1	32.418	38.867	32.320
1255	1255000	1	32.426	38.879	32.332
1256	1256001	1	32.441	38.867	32.348
1257	1257001	1	32.441	38.887	32.340
1258	1258001	1	32.441	38.887	32.348
1259	1259001	1	32.441	38.891	32.348
1260	1260001	1	32.441	38.902	32.344
1261	1261001	1	32.469	38.895	32.359
1262	1262001	1	32.477	38.902	32.355
1263	1263001	1	32.453	38.914	32.379
1264	1264001	1	32.473	38.910	32.395
1265	1265001	1	32.477	38.922	32.391
1266	1266001	1	32.492	38.930	32.387
1267	1267001	1	32.477	38.922	32.398
1268	1268001	1	32.484	38.934	32.414
1269	1269000	1	32.500	38.953	32.418
1270	1270001	1	32.520	38.953	32.414
1271	1271001	1	32.500	38.945	32.418
1272	1272001	1	32.527	38.965	32.438
1273	1273001	1	32.523	38.953	32.422
1274	1274001	1	32.527	38.957	32.426
1275	1275001	1	32.531	38.973	32.441
1276	1276001	1	32.523	38.969	32.453
1277	1277001	1	32.547	38.973	32.469
1278	1278001	1	32.566	38.984	32.457
1279	1279001	1	32.543	39.000	32.461
1280	1280001	1	32.563	39.008	32.484
1281	1281001	1	32.578	39.004	32.465
1282	1282001	1	32.570	39.020	32.473
1283	1283001	1	32.570	39.008	32.473
1284	1284001	1	32.586	39.023	32.496
1285	1285001	1	32.586	39.031	32.504
1286	1286001	1	32.594	39.043	32.500
1287	1287001	1	32.613	39.035	32.512
1288	1288001	1	32.629	39.047	32.523
1289	1289001	1	32.625	39.039	32.531
1290	1290001	1	32.621	39.055	32.535
1291	1291001	1	32.633	39.059	32.535
1292	1292001	1	32.633	39.066	32.543
1293	1293001	1	32.617	39.063	32.551
1294	1294001	1	32.645	39.074	32.535
1295	1295001	1	32.648	39.082	32.555
1296	1296001	1	32.645	39.074	32.563
1297	1297001	1	32.664	39.082	32.590
1298	1298000	1	32.664	39.086	32.578
1299	1299001	1	32.676	39.098	32.582
1300	1300001	1	32.687	39.090	32.594
1301	1301001	1	32.676	39.098	32.598
1302	1302001	1	32.699	39.086	32.605
1303	1303001	1	32.691	39.121	32.602
1304	1304001	1	32.703	39.121	32.633
1305	1305001	1	32.699	39.133	32.609
1306	1306001	1	32.703	39.125	32.625
1307	1307001	1	32.719	39.141	32.621
1308	1308001	1	32.719	39.137	32.621
1309	1309001	1	32.746	39.156	32.637
1310	1310001	1	32.727	39.168	32.664
1311	1311001	1	32.746	39.164	32.648
1312	1312000	1	32.746	39.160	32.664
1313	1313001	1	32.742	39.160	32.656
1314	1314001	1	32.758	39.184	32.660
1315	1315001	1	32.770	39.184	32.680
1316	1316001	1	32.754	39.191	32.676
1317	1317001	1	32.758	39.195	32.687
1318	1318001	1	32.754	39.191	32.684
1319	1319001	1	32.785	39.203	32.676
1320	1320001	1	32.789	39.199	32.687
1321	1321001	1	32.797	39.215	32.703
1322	1322001	1	32.809	39.215	32.699
1323	1323001	1	32.820	39.219	32.707
1324	1324001	1	32.824	39.230	32.719
1325	1325001	1	32.816	39.234	32.727
1326	1326000	1	32.813	39.250	32.719
1327	1327001	1	32.840	39.242	32.723
1328	1328001	1	32.813	39.246	32.730
1329	1329001	1	32.836	39.246	32.750
1330	1330001	1	32.852	39.258	32.754
1331	1331001	1	32.859	39.266	32.742
1332	1332001	1	32.863	39.266	32.762
1333	1333001	1	32.875	39.262	32.773
1334	1334001	1	32.859	39.254	32.754
1335	1335001	1	32.867	39.285	32.781
1336	1336001	1	32.883	39.285	32.781
1337	1337001	1	32.879	39.324	32.773
1338	1338001	1	32.891	39.305	32.789
1339	1339001	1	32.891	39.293	32.809
1340	1340001	1	32.895	39.297	32.801
1341	1341000	1	32.902	39.313	32.813
1342	1342001	1	32.902	39.309	32.828
1343	1343001	1	32.910	39.313	32.820
1344	1344001	1	32.922	39.328	32.832
1345	1345001	1	32.926	39.340	32.832
1346	1346001	1	32.930	39.348	32.848
1347	1347001	1	32.934	39.340	32.828
1348	1348001	1	32.961	39.348	32.844
1349	1349001	1	32.949	39.352	32.859
1350	1350001	1	32.957	39.352	32.855
1351	1351001	1	32.973	39.359	32.863
1352	1352001	1	32.969	39.363	32.863
1353	1353001	1	32.965	39.355	32.867
1354	1354001	1	32.980	39.383	32.887
1355	1355000	1	32.969	39.391	32.891
1356	1356001	1	32.980	39.383	32.887
1357	1357001	1	32.984	39.402	32.887
1358	1358001	1	32.996	39.410	32.902
1359	1359001	1	33.016	39.414	32.922
1360	1360001	1	32.996	39.402	32.922
1361	1361001	1	33.035	39.414	32.934
1362	1362001	1	33.008	39.426	32.926
1363	1363001	1	33.035	39.426	32.930
1364	1364001	1	33.027	39.418	32.945
1365	1365001	1	33.055	39.430	32.941
1366	1366001	1	33.047	39.457	32.945
1367	1367001	1	33.047	39.430	32.965
1368	1368001	1	33.047	39.461	32.961
1369	1369000	1	33.039	39.461	32.953
1370	1370001	1	33.055	39.445	32.973
1371	1371001	1	33.070	39.477	32.980
1372	1372001	1	33.074	39.484	32.965
1373	1373001	1	33.070	39.488	32.973
1374	1374001	1	33.086	39.477	32.984
1375	1375001	1	33.082	39.480	32.996
1376	1376001	1	33.090	39.500	32.996
1377	1377001	1	33.082	39.492	33.000
1378	1378001	1	33.094	39.496	33.016
1379	1379001	1	33.105	39.512	33.008
1380	1380001	1	33.109	39.500	33.012
1381	1381001	1	33.129	39.512	33.039
1382	1382001	1	33.125	39.523	33.023
1383	1383000	1	33.137	39.527	33.020
1384	1384001	1	33.133	39.527	33.039
1385	1385001	1	33.145	39.539	33.043
1386	1386001	1	33.160	39.527	33.059
1387	1387001	1	33.148	39.555	33.047
1388	1388001	1	33.156	39.551	33.070
1389	1389001	1	33.152	39.555	33.078
1390	1390001	1	33.168	39.555	33.098
1391	1391001	1	33.172	39.582	33.086
1392	1392001	1	33.199	39.582	33.078
1393	1393001	1	33.184	39.594	33.090
1394	1394001	1	33.176	39.594	33.098
1395	1395001	1	33.188	39.590	33.113
1396	1396001	1	33.207	39.590	33.113
1397	1397000	1	33.191	39.613	33.109
1398	1398001	1	33.203	39.594	33.102
1399	1399001	1	33.219	39.602	33.125
1400	1400001	1	33.234	39.617	33.141
1401	1401001	1	33.219	39.605	33.125
1402	1402001	1	33.234	39.621	33.129
1403	1403001	1	33.238	39.633	33.141
1404	1404001	1	33.230	39.637	33.152
1405	1405001	1	33.246	39.641	33.156
1406	1406001	1	33.230	39.645	33.152
1407	1407001	1	33.270	39.652	33.156
1408	1408001	1	33.246	39.641	33.172
1409	1409001	1	33.277	39.645	33.195
1410	1410001	1	33.270	39.652	33.203
1411	1411001	1	33.273	39.691	33.184
1412	1412000	1	33.289	39.684	33.199
1413	1413001	1	33.293	39.676	33.199
1414	1414001	1	33.305	39.676	33.195
1415	1415001	1	33.305	39.684	33.227
1416	1416001	1	33.316	39.703	33.219
1417	1417001	1	33.320	39.707	33.215
1418	1418001	1	33.316	39.699	33.234
1419	1419001	1	33.328	39.703	33.223
1420	1420001	1	33.324	39.707	33.242
1421	1421001	1	33.336	39.711	33.246
1422	1422001	1	33.348	39.727	33.234
1423	1423001	1	33.340	39.715	33.250
1424	1424001	1	33.352	39.734	33.266
1425	1425001	1	33.340	39.746	33.270
1426	1426000	1	33.348	39.742	33.266
1427	1427001	1	33.367	39.742	33.277
1428	1428001	1	33.363	39.762	33.266
1429	1429001	1	33.375	39.773	33.285
1430	1430001	1	33.391	39.758	33.281
1431	1431001	1	33.367	39.762	33.285
1432	1432001	1	33.387	39.770	33.320
1433	1433001	1	33.398	39.770	33.305
1434	1434001	1	33.402	39.770	33.305
1435	1435001	1	33.414	39.773	33.316
1436	1436001	1	33.406	39.789	33.324
1437	1437001	1	33.406	39.777	33.320
1438	1438001	1	33.426	39.805	33.336
1439	1439001	1	33.426	39.813	33.328
1440	1440001	1	33.445	39.813	33.328
1441	1441001	1	33.438	39.816	33.344
1442	1442001	1	33.445	39.828	33.355
1443	1443001	1	33.445	39.820	33.363
1444	1444001	1	33.465	39.824	33.359
1445	1445001	1	33.473	39.832	33.371
1446	1446001	1	33.461	39.852	33.363
1447	1447001	1	33.477	39.820	33.371
1448	1448001	1	33.477	39.844	33.387
1449	1449001	1	33.469	39.844	33.391
1450	1450001	1	33.484	39.867	33.402
1451	1451001	1	33.477	39.859	33.398
1452	1452001	1	33.492	39.852	33.398
1453	1453001	1	33.500	39.867	33.402
1454	1454000	1	33.508	39.871	33.422
1455	1455001	1	33.492	39.887	33.434
1456	1456001	1	33.508	39.883	33.430
1457	1457001	1	33.527	39.879	33.441
1458	1458001	1	33.527	39.914	33.438
1459	1459001	1	33.527	39.906	33.426
1460	1460001	1	33.527	39.895	33.453
1461	1461001	1	33.531	39.902	33.441
1462	1462001	1	33.531	39.914	33.449
1463	1463001	1	33.559	39.914	33.449
1464	1464001	1	33.547	39.918	33.461
1465	1465001	1	33.543	39.934	33.473
1466	1466001	1	33.563	39.945	33.477
1467	1467001	1	33.578	39.961	33.477
1468	1468001	1	33.574	39.941	33.484
1469	1469000	1	33.578	39.957	33.488
1470	1470001	1	33.586	39.957	33.480
1471	1471001	1	33.578	39.945	33.504
1472	1472001	1	33.594	39.953	33.496
1473	1473001	1	33.598	39.980	33.508
1474	1474001	1	33.609	39.969	33.516
1475	1475001	1	33.613	39.977	33.523
1476	1476001	1	33.609	40.008	33.520
1477	1477001	1	33.625	39.965	33.527
1478	1478001	1	33.621	39.984	33.543
1479	1479001	1	33.633	39.996	33.527
1480	1480001	1	33.625	39.996	33.543
1481	1481001	1	33.641	40.004	33.547
1482	1482001	1	33.641	40.008	33.559
1483	1483000	1	33.645	40.035	33.566
1484	1484001	1	33.664	40.027	33.594
1485	1485001	1	33.668	40.008	33.566
1486	1486001	1	33.668	40.043	33.574
1487	1487001	1	33.672	40.043	33.574
1488	1488001	1	33.672	40.043	33.586
1489	1489001	1	33.680	40.059	33.605
1490	1490001	1	33.688	40.027	33.598
1491	1491001	1	33.684	40.039	33.613
1492	1492001	1	33.691	40.047	33.613
1493	1493001	1	33.688	40.055	33.613
1494	1494001	1	33.719	40.078	33.617
1495	1495001	1	33.699	40.082	33.629
1496	1496001	1	33.723	40.082	33.637
1497	1497000	1	33.723	40.098	33.617
1498	1498001	1	33.727	40.094	33.637
1499	1499001	1	33.730	40.086	33.633
1500	1500001	1	33.727	40.078	33.629
1501	1501001	1	33.742	40.094	33.652
1502	1502001	1	33.758	40.090	33.656
1503	1503001	1	33.758	40.125	33.672
1504	1504001	1	33.758	40.105	33.676
1505	1505001	1	33.754	40.117	33.664
1506	1506001	1	33.770	40.137	33.688
1507	1507001	1	33.770	40.121	33.688
1508	1508001	1	33.770	40.137	33.684
1509	1509001	1	33.777	40.148	33.695
1510	1510001	1	33.781	40.125	33.691
1511	1511000	1	33.793	40.137	33.703
1512	1512001	1	33.797	40.137	33.715
1513	1513001	1	33.805	40.152	33.711
1514	1514001	1	33.816	40.148	33.715
1515	1515000	1	33.809	40.156	33.723
1516	1516001	1	33.828	40.164	33.723
1517	1517001	1	33.832	40.184	33.738
1518	1518001	1	33.836	40.168	33.738
1519	1519001	1	33.844	40.191	33.742
1520	1520001	1	33.848	40.191	33.750
1521	1521001	1	33.848	40.195	33.750
1522	1522001	1	33.863	40.180	33.754
1523	1523001	1	33.859	40.203	33.770
1524	1524001	1	33.871	40.219	33.762
1525	1525000	1	33.844	40.230	33.770
1526	1526001	1	33.871	40.227	33.777
1527	1527001	1	33.875	40.215	33.777
1528	1528001	1	33.871	40.238	33.781
1529	1529001	1	33.891	40.219	33.789
1530	1530001	1	33.891	40.227	33.789
1531	1531001	1	33.898	40.242	33.797
1532	1532001	1	33.902	40.277	33.816
1533	1533001	1	33.910	40.246	33.805
1534	1534001	1	33.910	40.254	33.824
1535	1535001	1	33.910	40.266	33.828
1536	1536001	1	33.918	40.262	33.824
1537	1537001	1	33.906	40.266	33.836
1538	1538001	1	33.930	40.277	33.848
1539	1539001	1	33.934	40.289	33.859
1540	1540000	1	33.941	40.281	33.852
1541	1541001	1	33.941	40.297	33.867
1542	1542001	1	33.945	40.309	33.852
1543	1543001	1	33.953	40.277	33.871
1544	1544001	1	33.973	40.285	33.883
1545	1545001	1	33.961	40.324	33.887
1546	1546001	1	33.945	40.301	33.863
1547	1547001	1	33.973	40.324	33.891
1548	1548001	1	33.961	40.336	33.887
1549	1549001	1	33.988	40.332	33.898
1550	1550001	1	33.977	40.316	33.906
1551	1551001	1	33.984	40.332	33.887
1552	1552001	1	34.008	40.344	33.910
1553	1553001	1	34.000	40.348	33.902
1554	1554000	1	34.016	40.340	33.918
1555	1555001	1	34.020	40.363	33.922
1556	1556001	1	34.023	40.355	33.930
1557	1557001	1	34.027	40.367	33.941
1558	1558001	1	34.027	40.367	33.945
1559	1559001	1	34.035	40.371	33.941
1560	1560001	1	34.047	40.371	33.945
1561	1561001	1	34.043	40.371	33.953
1562	1562001	1	34.059	40.383	33.965
1563	1563001	1	34.055	40.391	33.965
1564	1564001	1	34.055	40.398	33.969
1565	1565001	1	34.078	40.398	33.961
1566	1566001	1	34.059	40.406	33.977
1567	1567001	1	34.070	40.395	33.980
1568	1568000	1	34.074	40.426	33.988
1569	1569001	1	34.063	40.418	33.977
1570	1570001	1	34.094	40.414	33.984
1571	1571001	1	34.090	40.434	33.992
1572	1572001	1	34.094	40.426	34.020
1573	1573001	1	34.121	40.426	34.012
1574	1574001	1	34.102	40.441	34.000
1575	1575001	1	34.109	40.441	34.023
1576	1576001	1	34.129	40.461	34.023
1577	1577001	1	34.117	40.453	34.035
1578	1578001	1	34.125	40.469	34.027
1579	1579001	1	34.137	40.453	34.043
1580	1580001	1	34.129	40.457	34.047
1581	1581001	1	34.121	40.465	34.035
1582	1582000	1	34.141	40.477	34.051
1583	1583001	1	34.137	40.480	34.047
1584	1584001	1	34.156	40.461	34.055
1585	1585001	1	34.164	40.492	34.063
1586	1586001	1	34.156	40.480	34.066
1587	1587001	1	34.168	40.500	34.074
1588	1588001	1	34.176	40.504	34.066
1589	1589001	1	34.184	40.508	34.090
1590	1590001	1	34.188	40.508	34.094
1591	1591001	1	34.176	40.520	34.090
1592	1592001	1	34.199	40.527	34.102
1593	1593001	1	34.188	40.535	34.113
1594	1594001	1	34.203	40.535	34.113
1595	1595001	1	34.207	40.539	34.121
1596	1596001	1	34.219	40.539	34.113
1597	1597000	1	34.203	40.531	34.125
1598	1598001	1	34.230	40.559	34.129
1599	1599001	1	34.227	40.547	34.145
1600	1600001	1	34.234	40.563	34.141
1601	1601001	1	34.223	40.566	34.152
1602	1602001	1	34.246	40.574	34.160
1603	1603001	1	34.258	40.563	34.145
1604	1604001	1	34.242	40.578	34.156
1605	1605001	1	34.258	40.590	34.160
1606	1606001	1	34.254	40.570	34.176
1607	1607001	1	34.266	40.586	34.164
1608	1608001	1	34.258	40.602	34.188
1609	1609001	1	34.273	40.582	34.188
1610	1610001	1	34.266	40.602	34.195
1611	1611000	1	34.277	40.613	34.195
1612	1612001	1	34.289	40.609	34.199
1613	1613001	1	34.293	40.617	34.191
1614	1614001	1	34.289	40.629	34.219
1615	1615001	1	34.293	40.625	34.215
1616	1616001	1	34.324	40.633	34.219
1617	1617001	1	34.313	40.633	34.211
1618	1618001	1	34.316	40.645	34.230
1619	1619001	1	34.309	40.641	34.258
1620	1620001	1	34.324	40.652	34.250
1621	1621001	1	34.332	40.645	34.254
1622	1622001	1	34.344	40.652	34.250
1623	1623001	1	34.348	40.652	34.258
1624	1624001	1	34.348	40.656	34.246
1625	1625000	1	34.344	40.660	34.273
1626	1626001	1	34.352	40.687	34.258
1627	1627001	1	34.355	40.676	34.270
1628	1628001	1	34.359	40.680	34.277
1629	1629001	1	34.359	40.687	34.285
1630	1630001	1	34.375	40.695	34.281
1631	1631001	1	34.375	40.699	34.297
1632	1632001	1	34.383	40.703	34.297
1633	1633001	1	34.395	40.695	34.297
1634	1634001	1	34.406	40.699	34.320
1635	1635001	1	34.398	40.699	34.301
1636	1636001	1	34.414	40.723	34.320
1637	1637001	1	34.414	40.727	34.320
1638	1638001	1	34.395	40.738	34.313
1639	1639000	1	34.418	40.727	34.332
1640	1640001	1	34.434	40.746	34.332
1641	1641001	1	34.434	40.727	34.332
1642	1642001	1	34.434	40.750	34.332
1643	1643001	1	34.438	40.754	34.336
1644	1644001	1	34.441	40.766	34.355
1645	1645001	1	34.434	40.754	34.367
1646	1646001	1	34.441	40.750	34.355
1647	1647001	1	34.453	40.766	34.355
1648	1648001	1	34.449	40.789	34.363
1649	1649001	1	34.465	40.781	34.383
1650	1650001	1	34.445	40.797	34.371
1651	1651001	1	34.473	40.793	34.395
1652	1652001	1	34.477	40.797	34.391
1653	1653000	1	34.488	40.793	34.395
1654	1654001	1	34.484	40.797	34.395
1655	1655001	1	34.496	40.813	34.391
1656	1656001	1	34.504	40.805	34.406
1657	1657001	1	34.488	40.793	34.410
1658	1658001	1	34.520	40.816	34.406
1659	1659001	1	34.512	40.809	34.410
1660	1660001	1	34.520	40.809	34.434
1661	1661001	1	34.520	40.824	34.430
1662	1662001	1	34.531	40.828	34.430
1663	1663001	1	34.531	40.824	34.438
1664	1664001	1	34.535	40.836	34.434
1665	1665001	1	34.535	40.844	34.441
1666	1666001	1	34.543	40.855	34.453
1667	1667001	1	34.547	40.852	34.453
1668	1668000	1	34.543	40.848	34.473
1669	1669001	1	34.535	40.863	34.457
1670	1670001	1	34.543	40.863	34.473
1671	1671001	1	34.555	40.879	34.469
1672	1672001	1	34.570	40.879	34.480
1673	1673001	1	34.562	40.867	34.488
1674	1674001	1	34.574	40.883	34.480
1675	1675001	1	34.582	40.891	34.504
1676	1676001	1	34.590	40.898	34.492
1677	1677001	1	34.602	40.902	34.531
1678	1678001	1	34.598	40.906	34.500
1679	1679001	1	34.598	40.898	34.500
1680	1680001	1	34.613	40.906	34.512
1681	1681001	1	34.609	40.906	34.523
1682	1682000	1	34.613	40.914	34.527
1683	1683001	1	34.645	40.914	34.531
1684	1684001	1	34.637	40.930	34.527
1685	1685001	1	34.625	40.941	34.527
1686	1686001	1	34.629	40.914	34.543
1687	1687001	1	34.652	40.945	34.551
1688	1688001	1	34.641	40.953	34.547
1689	1689001	1	34.637	40.938	34.570
1690	1690001	1	34.645	40.926	34.559
1691	1691001	1	34.656	40.969	34.570
1692	1692001	1	34.652	40.969	34.562
1693	1693001	1	34.668	40.969	34.566
1694	1694001	1	34.664	40.980	34.586
1695	1695001	1	34.676	40.984	34.590
1696	1696000	1	34.691	40.984	34.586
1697	1697001	1	34.688	40.980	34.598
1698	1698001	1	34.703	40.980	34.625
1699	1699001	1	34.691	40.992	34.609
1700	1700001	1	34.707	40.992	34.609
1701	1701001	1	34.707	40.992	34.598
1702	1702001	1	34.707	40.988	34.621
1703	1703001	1	34.711	41.008	34.605
1704	1704001	1	34.719	41.020	34.621
1705	1705001	1	34.730	41.020	34.648
1706	1706001	1	34.715	41.027	34.633
1707	1707001	1	34.738	41.027	34.633
1708	1708001	1	34.738	41.016	34.645
1709	1709001	1	34.738	41.051	34.645
1710	1710000	1	34.750	41.043	34.641
1711	1711001	1	34.746	41.031	34.652
1712	1712001	1	34.754	41.055	34.660
1713	1713001	1	34.754	41.039	34.664
1714	1714001	1	34.758	41.051	34.680
1715	1715001	1	34.770	41.063	34.672
1716	1716001	1	34.770	41.059	34.676
1717	1717001	1	34.758	41.059	34.676
1718	1718001	1	34.777	41.055	34.684
1719	1719001	1	34.777	41.086	34.699
1720	1720001	1	34.793	41.090	34.703
1721	1721001	1	34.793	41.086	34.707
1722	1722001	1	34.809	41.074	34.707
1723	1723001	1	34.801	41.070	34.703
1724	1724001	1	34.809	41.109	34.699
1725	1725000	1	34.813	41.113	34.719
1726	1726001	1	34.809	41.105	34.746
1727	1727001	1	34.840	41.125	34.727
1728	1728001	1	34.832	41.102	34.734
1729	1729001	1	34.840	41.125	34.730
1730	1730001	1	34.840	41.113	34.758
1731	1731001	1	34.840	41.129	34.750
1732	1732001	1	34.844	41.125	34.754
1733	1733001	1	34.848	41.117	34.754
1734	1734001	1	34.848	41.141	34.758
1735	1735001	1	34.848	41.148	34.770
1736	1736001	1	34.863	41.145	34.762
1737	1737001	1	34.863	41.156	34.781
1738	1738001	1	34.891	41.156	34.770
1739	1739000	1	34.883	41.160	34.777
1740	1740001	1	34.883	41.160	34.793
1741	1741001	1	34.883	41.168	34.797
1742	1742001	1	34.898	41.176	34.813
1743	1743001	1	34.891	41.176	34.797
1744	1744001	1	34.898	41.164	34.805
1745	1745001	1	34.918	41.188	34.805
1746	1746001	1	34.914	41.211	34.820
1747	1747001	1	34.922	41.195	34.820
1748	1748001	1	34.918	41.203	34.809
1749	1749001	1	34.922	41.211	34.844
1750	1750001	1	34.926	41.211	34.840
1751	1751001	1	34.906	41.207	34.840
1752	1752001	1	34.953	41.223	34.840
1753	1753000	1	34.945	41.211	34.840
1754	1754001	1	34.957	41.227	34.863
1755	1755001	1	34.957	41.230	34.863
1756	1756001	1	34.945	41.238	34.867
1757	1757001	1	34.949	41.238	34.855
1758	1758001	1	34.965	41.242	34.875
1759	1759001	1	34.965	41.254	34.859
1760	1760001	1	34.961	41.254	34.902
1761	1761001	1	34.973	41.254	34.871
1762	1762001	1	34.977	41.242	34.891
1763	1763001	1	34.980	41.266	34.918
1764	1764001	1	34.992	41.258	34.902
1765	1765001	1	34.980	41.258	34.883
1766	1766001	1	34.988	41.270	34.914
1767	1767000	1	34.996	41.273	34.922
1768	1768001	1	35.012	41.273	34.910
1769	1769001	1	35.012	41.285	34.910
1770	1770001	1	35.020	41.293	34.918
1771	1771001	1	35.008	41.312	34.922
1772	1772001	1	35.039	41.312	34.938
1773	1773001	1	35.023	41.297	34.941
1774	1774001	1	35.031	41.312	34.934
1775	1775001	1	35.035	41.320	34.945
1776	1776001	1	35.020	41.336	34.949
1777	1777001	1	35.047	41.328	34.961
1778	1778001	1	35.051	41.316	34.969
1779	1779001	1	35.055	41.324	34.973
1780	1780001	1	35.066	41.332	34.969
1781	1781000	1	35.059	41.332	34.965
1782	1782001	1	35.066	41.340	34.984
1783	1783001	1	35.082	41.332	34.969
1784	1784001	1	35.082	41.352	34.984
1785	1785001	1	35.070	41.352	34.996
1786	1786001	1	35.086	41.363	34.988
1787	1787001	1	35.090	41.363	34.996
1788	1788001	1	35.094	41.352	34.996
1789	1789001	1	35.094	41.383	35.012
1790	1790001	1	35.109	41.363	35.012
1791	1791001	1	35.098	41.395	35.020
1792	1792001	1	35.102	41.371	35.027
1793	1793001	1	35.109	41.387	35.039
1794	1794001	1	35.121	41.387	35.031
1795	1795001	1	35.109	41.398	35.043
1796	1796000	1	35.133	41.391	35.047
1797	1797001	1	35.137	41.410	35.035
1798	1798001	1	35.125	41.418	35.043
1799	1799001	1	35.133	41.410	35.074
1800	1800001	1	35.145	41.414	35.055
1801	1801001	1	35.145	41.406	35.063
1802	1802001	1	35.148	41.430	35.063
1803	1803001	1	35.156	41.426	35.074
1804	1804001	1	35.160	41.441	35.074
1805	1805001	1	35.164	41.457	35.082
1806	1806001	1	35.172	41.434	35.082
1807	1807001	1	35.180	41.445	35.074
1808	1808001	1	35.187	41.445	35.102
1809	1809001	1	35.184	41.457	35.090
1810	1810000	1	35.199	41.434	35.094
1811	1811001	1	35.207	41.453	35.098
1812	1812001	1	35.187	41.453	35.102
1813	1813001	1	35.203	41.469	35.117
1814	1814001	1	35.199	41.480	35.129
1815	1815001	1	35.203	41.461	35.125
1816	1816001	1	35.219	41.473	35.125
1817	1817001	1	35.227	41.473	35.129
1818	1818001	1	35.207	41.469	35.152
1819	1819001	1	35.223	41.504	35.137
1820	1820001	1	35.246	41.508	35.156
1821	1821001	1	35.238	41.496	35.156
1822	1822001	1	35.250	41.488	35.141
1823	1823001	1	35.250	41.500	35.156
1824	1824000	1	35.246	41.504	35.168
1825	1825001	1	35.242	41.512	35.168
1826	1826001	1	35.258	41.500	35.184
1827	1827001	1	35.254	41.523	35.180
1828	1828001	1	35.250	41.527	35.187
1829	1829001	1	35.277	41.551	35.187
1830	1830001	1	35.273	41.539	35.191
1831	1831001	1	35.281	41.523	35.199
1832	1832001	1	35.289	41.535	35.191
1833	1833001	1	35.285	41.555	35.187
1834	1834001	1	35.285	41.555	35.211
1835	1835001	1	35.297	41.566	35.195
1836	1836001	1	35.293	41.574	35.219
1837	1837001	1	35.313	41.566	35.203
1838	1838000	1	35.316	41.570	35.207
1839	1839001	1	35.328	41.570	35.230
1840	1840001	1	35.316	41.578	35.211
1841	1841001	1	35.316	41.574	35.234
1842	1842001	1	35.336	41.566	35.230
1843	1843001	1	35.336	41.578	35.238
1844	1844001	1	35.328	41.598	35.242
1845	1845001	1	35.340	41.598	35.262
1846	1846001	1	35.355	41.586	35.250
1847	1847001	1	35.340	41.617	35.262
1848	1848001	1	35.352	41.594	35.254
1849	1849001	1	35.375	41.609	35.270
1850	1850001	1	35.363	41.613	35.273
1851	1851001	1	35.383	41.629	35.285
1852	1852001	1	35.363	41.629	35.277
1853	1853000	1	35.363	41.641	35.285
1854	1854001	1	35.371	41.637	35.301
1855	1855001	1	35.375	41.637	35.285
1856	1856001	1	35.402	41.652	35.305
1857	1857001	1	35.391	41.645	35.313
1858	1858001	1	35.387	41.656	35.313
1859	1859001	1	35.410	41.656	35.293
1860	1860001	1	35.418	41.660	35.316
1861	1861001	1	35.422	41.648	35.305
1862	1862001	1	35.402	41.656	35.309
1863	1863001	1	35.398	41.660	35.336
1864	1864001	1	35.434	41.656	35.332
1865	1865001	1	35.422	41.688	35.328
1866	1866001	1	35.426	41.676	35.324
1867	1867000	1	35.422	41.676	35.348
1868	1868001	1	35.453	41.699	35.355
1869	1869001	1	35.430	41.688	35.359
1870	1870001	1	35.441	41.688	35.348
1871	1871001	1	35.445	41.711	35.359
1872	1872001	1	35.461	41.715	35.352
1873	1873001	1	35.457	41.703	35.379
1874	1874001	1	35.453	41.711	35.379
1875	1875001	1	35.473	41.715	35.375
1876	1876001	1	35.477	41.715	35.391
1877	1877001	1	35.484	41.727	35.379
1878	1878001	1	35.465	41.719	35.391
1879	1879001	1	35.492	41.723	35.395
1880	1880001	1	35.484	41.738	35.410
1881	1881000	1	35.500	41.730	35.402
1882	1882001	1	35.488	41.734	35.414
1883	1883001	1	35.500	41.742	35.406
1884	1884001	1	35.488	41.750	35.418
1885	1885001	1	35.496	41.742	35.426
1886	1886001	1	35.512	41.762	35.410
1887	1887001	1	35.500	41.777	35.434
1888	1888001	1	35.527	41.766	35.406
1889	1889001	1	35.531	41.777	35.434
1890	1890001	1	35.512	41.773	35.438
1891	1891001	1	35.516	41.777	35.441
1892	1892001	1	35.535	41.797	35.441
1893	1893001	1	35.535	41.781	35.465
1894	1894001	1	35.543	41.770	35.449
1895	1895001	1	35.547	41.813	35.473
1896	1896001	1	35.555	41.801	35.469
1897	1897001	1	35.566	41.797	35.453
1898	1898001	1	35.570	41.781	35.480
1899	1899001	1	35.578	41.801	35.484
1900	1900001	1	35.559	41.813	35.469
1901	1901001	1	35.566	41.816	35.480
1902	1902001	1	35.570	41.832	35.477
1903	1903001	1	35.594	41.809	35.488
1904	1904001	1	35.586	41.832	35.516
1905	1905001	1	35.586	41.836	35.504
1906	1906001	1	35.598	41.828	35.500
1907	1907001	1	35.594	41.832	35.508
1908	1908001	1	35.602	41.844	35.516
1909	1909000	1	35.609	41.848	35.512
1910	1910001	1	35.621	41.836	35.520
1911	1911001	1	35.617	41.852	35.516
1912	1912001	1	35.621	41.863	35.520
1913	1913001	1	35.613	41.852	35.531
1914	1914001	1	35.637	41.867	35.543
1915	1915001	1	35.641	41.879	35.527
1916	1916001	1	35.637	41.875	35.547
1917	1917001	1	35.652	41.863	35.543
1918	1918001	1	35.641	41.883	35.563
1919	1919001	1	35.648	41.871	35.551
1920	1920001	1	35.648	41.883	35.570
1921	1921001	1	35.656	41.879	35.574
1922	1922001	1	35.645	41.891	35.586
1923	1923001	1	35.660	41.887	35.582
1924	1924000	1	35.668	41.902	35.602
1925	1925001	1	35.660	41.906	35.594
1926	1926001	1	35.688	41.922	35.594
1927	1927001	1	35.676	41.926	35.586
1928	1928001	1	35.691	41.918	35.605
1929	1929001	1	35.680	41.922	35.617
1930	1930001	1	35.699	41.937	35.582
1931	1931001	1	35.699	41.934	35.609
1932	1932001	1	35.711	41.922	35.633
1933	1933001	1	35.707	41.945	35.605
1934	1934001	1	35.723	41.941	35.617
1935	1935001	1	35.699	41.953	35.637
1936	1936001	1	35.723	41.937	35.645
1937	1937001	1	35.730	41.961	35.637
1938	1938000	1	35.723	41.945	35.633
1939	1939001	1	35.719	41.957	35.648
1940	1940001	1	35.719	41.965	35.645
1941	1941001	1	35.746	41.969	35.648
1942	1942001	1	35.734	41.977	35.656
1943	1943001	1	35.734	41.980	35.648
1944	1944001	1	35.742	41.977	35.672
1945	1945001	1	35.750	41.992	35.660
1946	1946001	1	35.750	41.988	35.676
1947	1947001	1	35.762	42.004	35.664
1948	1948001	1	35.766	41.996	35.680
1949	1949001	1	35.762	42.000	35.672
1950	1950001	1	35.762	41.996	35.664
1951	1951001	1	35.773	42.008	35.688
1952	1952000	1	35.781	41.996	35.688
1953	1953001	1	35.801	42.023	35.695
1954	1954001	1	35.801	42.012	35.691
1955	1955001	1	35.797	42.020	35.695
1956	1956001	1	35.797	42.020	35.715
1957	1957001	1	35.797	42.035	35.707
1958	1958001	1	35.805	42.051	35.695
1959	1959001	1	35.805	42.031	35.711
1960	1960001	1	35.809	42.035	35.715
1961	1961001	1	35.816	42.035	35.738
1962	1962001	1	35.797	42.055	35.727
1963	1963001	1	35.809	42.063	35.734
1964	1964001	1	35.828	42.063	35.738
1965	1965001	1	35.836	42.043	35.758
1966	1966000	1	35.832	42.055	35.746
1967	1967001	1	35.832	42.086	35.758
1968	1968001	1	35.863	42.070	35.773
1969	1969001	1	35.844	42.086	35.758
1970	1970001	1	35.852	42.078	35.766
1971	1971001	1	35.871	42.090	35.758
1972	1972001	1	35.855	42.090	35.758
1973	1973001	1	35.859	42.078	35.781
1974	1974001	1	35.867	42.078	35.801
1975	1975001	1	35.891	42.094	35.789
1976	1976001	1	35.883	42.102	35.797
1977	1977001	1	35.879	42.117	35.781
1978	1978001	1	35.883	42.109	35.793
1979	1979001	1	35.910	42.102	35.793
1980	1980001	1	35.895	42.113	35.816
1981	1981000	1	35.895	42.129	35.809
1982	1982001	1	35.898	42.121	35.812
1983	1983001	1	35.902	42.121	35.820
1984	1984001	1	35.898	42.148	35.820
1985	1985001	1	35.902	42.148	35.824
1986	1986001	1	35.930	42.129	35.824
1987	1987001	1	35.926	42.152	35.824
1988	1988001	1	35.934	42.148	35.828
1989	1989001	1	35.922	42.160	35.848
1990	1990001	1	35.938	42.156	35.852
1991	1991001	1	35.953	42.160	35.848
1992	1992001	1	35.945	42.176	35.859
1993	1993001	1	35.938	42.152	35.848
1994	1994001	1	35.930	42.176	35.859
1995	1995000	1	35.953	42.176	35.855
1996	1996001	1	35.957	42.172	35.879
1997	1997001	1	35.961	42.191	35.895
1998	1998001	1	35.961	42.180	35.867
1999	1999001	1	35.980	42.184	35.883
2000	2000001	1	35.977	42.195	35.883
2001	2001001	1	35.969	42.199	35.887
2002	2002001	1	35.980	42.191	35.902
2003	2003001	1	35.984	42.199	35.895
2004	2004001	1	35.996	42.191	35.895
2005	2005001	1	36.000	42.203	35.906
2006	2006001	1	35.992	42.211	35.910
2007	2007001	1	36.008	42.223	35.918
2008	2008001	1	36.004	42.223	35.910
2009	2009000	1	36.012	42.227	35.914
2010	2010001	1	36.012	42.242	35.926
2011	2011001	1	36.035	42.230	35.914
2012	2012001	1	36.020	42.246	35.934
2013	2013001	1	36.023	42.242	35.930
2014	2014001	1	36.020	42.238	35.945
2015	2015001	1	36.008	42.250	35.957
2016	2016001	1	36.020	42.246	35.949
2017	2017001	1	36.043	42.234	35.957
2018	2018001	1	36.043	42.258	35.965
2019	2019001	1	36.043	42.262	35.957
2020	2020001	1	36.059	42.258	35.953
2021	2021001	1	36.059	42.258	35.969
2022	2022001	1	36.039	42.273	35.941
2023	2023000	1	36.059	42.270	35.969
2024	2024001	1	36.063	42.281	35.973
2025	2025001	1	36.074	42.281	35.969
2026	2026001	1	36.086	42.277	35.988
2027	2027001	1	36.082	42.293	35.988
2028	2028001	1	36.078	42.285	36.008
2029	2029001	1	36.094	42.297	36.016
2030	2030001	1	36.094	42.305	36.016
2031	2031001	1	36.086	42.297	36.000
2032	2032001	1	36.082	42.309	36.008
2033	2033001	1	36.102	42.313	36.000
2034	2034001	1	36.105	42.328	36.012
2035	2035001	1	36.113	42.320	36.023
2036	2036001	1	36.121	42.328	36.027
2037	2037000	1	36.109	42.316	36.020
2038	2038001	1	36.125	42.320	36.039
2039	2039001	1	36.121	42.324	36.043
2040	2040001	1	36.148	42.328	36.047
2041	2041001	1	36.129	42.336	36.047
2042	2042001	1	36.133	42.340	36.039
2043	2043001	1	36.148	42.352	36.047
2044	2044001	1	36.137	42.359	36.055
2045	2045001	1	36.145	42.340	36.066
2046	2046001	1	36.148	42.375	36.074
2047	2047001	1	36.141	42.355	36.066
2048	2048001	1	36.156	42.375	36.078
2049	2049001	1	36.160	42.367	36.078
2050	2050001	1	36.168	42.379	36.078
2051	2051001	1	36.180	42.379	36.074
2052	2052000	1	36.164	42.367	36.082
2053	2053001	1	36.168	42.379	36.078
2054	2054001	1	36.184	42.371	36.090
2055	2055001	1	36.188	42.387	36.105
2056	2056001	1	36.184	42.387	36.098
2057	2057001	1	36.195	42.375	36.098
2058	2058001	1	36.195	42.387	36.105
2059	2059001	1	36.199	42.395	36.105
2060	2060001	1	36.199	42.410	36.125
2061	2061001	1	36.191	42.422	36.117
2062	2062001	1	36.199	42.414	36.125
2063	2063001	1	36.230	42.422	36.141
2064	2064001	1	36.215	42.410	36.113
2065	2065001	1	36.207	42.422	36.141
2066	2066000	1	36.230	42.434	36.156
2067	2067001	1	36.227	42.418	36.141
2068	2068001	1	36.238	42.457	36.133
2069	2069001	1	36.250	42.449	36.137
2070	2070001	1	36.238	42.457	36.164
2071	2071001	1	36.238	42.453	36.164
2072	2072001	1	36.246	42.441	36.148
2073	2073001	1	36.254	42.445	36.152
2074	2074001	1	36.250	42.465	36.164
2075	2075001	1	36.258	42.449	36.180
2076	2076001	1	36.266	42.477	36.184
2077	2077001	1	36.273	42.461	36.195
2078	2078001	1	36.277	42.477	36.184
2079	2079001	1	36.277	42.492	36.191
2080	2080000	1	36.281	42.480	36.207
2081	2081001	1	36.273	42.492	36.191
2082	2082001	1	36.301	42.484	36.195
2083	2083001	1	36.285	42.492	36.211
2084	2084001	1	36.309	42.492	36.207
2085	2085001	1	36.297	42.484	36.227
2086	2086001	1	36.313	42.496	36.215
2087	2087001	1	36.309	42.516	36.230
2088	2088001	1	36.313	42.512	36.211
2089	2089001	1	36.309	42.523	36.219
2090	2090001	1	36.320	42.516	36.234
2091	2091001	1	36.316	42.516	36.242
2092	2092001	1	36.332	42.520	36.238
2093	2093001	1	36.332	42.520	36.238
2094	2094000	1	36.340	42.555	36.258
2095	2095001	1	36.316	42.531	36.242
2096	2096001	1	36.348	42.559	36.254
2097	2097001	1	36.352	42.527	36.258
2098	2098001	1	36.352	42.547	36.262
2099	2099001	1	36.348	42.555	36.258
2100	2100001	1	36.363	42.551	36.262
2101	2101001	1	36.348	42.539	36.262
2102	2102001	1	36.367	42.555	36.281
2103	2103001	1	36.367	42.551	36.289
2104	2104001	1	36.367	42.555	36.293
2105	2105001	1	36.379	42.566	36.281
2106	2106001	1	36.383	42.586	36.270
2107	2107001	1	36.367	42.586	36.297
2108	2108001	1	36.383	42.578	36.305
2109	2109000	1	36.383	42.582	36.309
2110	2110001	1	36.387	42.570	36.297
2111	2111001	1	36.391	42.586	36.309
2112	2112001	1	36.410	42.598	36.301
2113	2113001	1	36.410	42.586	36.320
2114	2114001	1	36.398	42.602	36.320
2115	2115001	1	36.418	42.605	36.324
2116	2116001	1	36.414	42.602	36.313
2117	2117001	1	36.418	42.605	36.332
2118	2118001	1	36.422	42.617	36.332
2119	2119001	1	36.418	42.598	36.355
2120	2120001	1	36.422	42.609	36.352
2121	2121001	1	36.434	42.625	36.332
2122	2122000	1	36.445	42.617	36.355
2123	2123000	1	36.449	42.633	36.359
2124	2124001	1	36.445	42.633	36.359
2125	2125001	1	36.449	42.617	36.359
2126	2126001	1	36.469	42.629	36.375
2127	2127001	1	36.461	42.648	36.359
2128	2128001	1	36.465	42.645	36.359
2129	2129001	1	36.469	42.637	36.379
2130	2130001	1	36.473	42.652	36.371
2131	2131001	1	36.469	42.672	36.387
2132	2132001	1	36.473	42.680	36.387
2133	2133001	1	36.461	42.656	36.387
2134	2134001	1	36.473	42.660	36.398
2135	2135001	1	36.496	42.660	36.391
2136	2136001	1	36.484	42.684	36.391
2137	2137000	1	36.492	42.668	36.410
2138	2138001	1	36.488	42.695	36.406
2139	2139001	1	36.504	42.676	36.391
2140	2140001	1	36.508	42.695	36.410
2141	2141001	1	36.504	42.688	36.430
2142	2142001	1	36.496	42.707	36.422
2143	2143001	1	36.516	42.688	36.430
2144	2144001	1	36.508	42.707	36.410
2145	2145001	1	36.531	42.707	36.437
2146	2146001	1	36.535	42.711	36.453
2147	2147001	1	36.523	42.711	36.430
2148	2148001	1	36.523	42.723	36.457
2149	2149001	1	36.527	42.715	36.437
2150	2150001	1	36.527	42.711	36.461
2151	2151000	1	36.543	42.730	36.457
2152	2152001	1	36.551	42.727	36.449
2153	2153001	1	36.563	42.738	36.453
2154	2154001	1	36.547	42.738	36.473
2155	2155001	1	36.563	42.742	36.465
2156	2156001	1	36.543	42.730	36.473
2157	2157001	1	36.566	42.742	36.477
2158	2158001	1	36.566	42.738	36.484
2159	2159001	1	36.574	42.758	36.492
2160	2160001	1	36.570	42.742	36.496
2161	2161001	1	36.574	42.758	36.492
2162	2162001	1	36.582	42.758	36.504
2163	2163001	1	36.594	42.750	36.512
2164	2164001	1	36.578	42.758	36.500
2165	2165001	1	36.586	42.773	36.508
2166	2166001	1	36.598	42.777	36.516
2167	2167001	1	36.598	42.785	36.516
2168	2168001	1	36.602	42.789	36.516
2169	2169001	1	36.602	42.777	36.551
2170	2170001	1	36.613	42.793	36.531
2171	2171001	1	36.613	42.801	36.543
2172	2172001	1	36.633	42.793	36.527
2173	2173001	1	36.609	42.805	36.547
2174	2174001	1	36.621	42.785	36.539
2175	2175001	1	36.613	42.813	36.539
2176	2176001	1	36.621	42.805	36.559
2177	2177001	1	36.637	42.809	36.559
2178	2178001	1	36.645	42.824	36.543
2179	2179001	1	36.645	42.820	36.555
2180	2180000	1	36.652	42.836	36.563
2181	2181001	1	36.645	42.824	36.559
2182	2182001	1	36.660	42.836	36.578
2183	2183001	1	36.660	42.844	36.574
2184	2184001	1	36.668	42.840	36.570
2185	2185001	1	36.672	42.859	36.574
2186	2186001	1	36.680	42.848	36.570
2187	2187001	1	36.680	42.855	36.570
2188	2188001	1	36.672	42.848	36.590
2189	2189001	1	36.699	42.848	36.594
2190	2190001	1	36.684	42.852	36.598
2191	2191001	1	36.688	42.863	36.590
2192	2192001	1	36.684	42.871	36.613
2193	2193001	1	36.691	42.871	36.602
2194	2194000	1	36.711	42.863	36.590
2195	2195001	1	36.699	42.871	36.609
2196	2196001	1	36.699	42.875	36.609
2197	2197001	1	36.711	42.875	36.609
2198	2198001	1	36.719	42.875	36.625
2199	2199001	1	36.707	42.891	36.621
2200	2200001	1	36.723	42.895	36.633
2201	2201001	1	36.719	42.898	36.641
2202	2202001	1	36.738	42.898	36.648
2203	2203001	1	36.730	42.891	36.645
2204	2204001	1	36.730	42.891	36.641
2205	2205001	1	36.746	42.902	36.656
2206	2206001	1	36.746	42.910	36.668
2207	2207001	1	36.746	42.918	36.656
2208	2208000	1	36.746	42.914	36.668
2209	2209001	1	36.750	42.930	36.680
2210	2210001	1	36.754	42.934	36.684
2211	2211001	1	36.773	42.938	36.684
2212	2212001	1	36.754	42.926	36.684
2213	2213001	1	36.746	42.930	36.660
2214	2214001	1	36.766	42.941	36.688
2215	2215001	1	36.777	42.918	36.684
2216	2216001	1	36.758	42.934	36.680
2217	2217001	1	36.777	42.953	36.695
2218	2218001	1	36.777	42.953	36.703
2219	2219001	1	36.781	42.941	36.699
2220	2220001	1	36.797	42.938	36.711
2221	2221001	1	36.793	42.945	36.715
2222	2222001	1	36.789	42.977	36.715
2223	2223001	1	36.777	42.965	36.723
2224	2224001	1	36.805	42.977	36.723
2225	2225001	1	36.801	42.992	36.719
2226	2226001	1	36.816	42.961	36.711
2227	2227001	1	36.824	42.988	36.738
2228	2228001	1	36.828	42.977	36.730
2229	2229001	1	36.820	42.992	36.742
2230	2230001	1	36.828	42.992	36.723
2231	2231001	1	36.828	42.984	36.734
2232	2232001	1	36.832	43.000	36.758
2233	2233001	1	36.832	42.988	36.746
2234	2234001	1	36.848	42.992	36.758
2235	2235001	1	36.844	43.004	36.766
2236	2236001	1	36.848	43.020	36.766
2237	2237000	1	36.855	43.023	36.766
2238	2238001	1	36.852	43.016	36.773
2239	2239001	1	36.859	43.020	36.773
2240	2240001	1	36.867	43.031	36.766
2241	2241001	1	36.863	43.027	36.785
2242	2242001	1	36.863	43.027	36.789
2243	2243001	1	36.863	43.023	36.793
2244	2244001	1	36.883	43.035	36.801
2245	2245001	1	36.875	43.055	36.773
2246	2246001	1	36.875	43.039	36.801
2247	2247001	1	36.879	43.051	36.797
2248	2248001	1	36.883	43.039	36.797
2249	2249001	1	36.887	43.055	36.813
2250	2250001	1	36.898	43.055	36.805
2251	2251000	1	36.895	43.063	36.809
2252	2252001	1	36.902	43.078	36.813
2253	2253001	1	36.926	43.066	36.828
2254	2254001	1	36.902	43.063	36.813
2255	2255001	1	36.906	43.098	36.813
2256	2256001	1	36.934	43.086	36.832
2257	2257001	1	36.918	43.094	36.840
2258	2258001	1	36.906	43.070	36.824
2259	2259001	1	36.918	43.090	36.852
2260	2260001	1	36.918	43.082	36.848
2261	2261001	1	36.926	43.086	36.832
2262	2262001	1	36.938	43.086	36.855
2263	2263001	1	36.945	43.098	36.867
2264	2264001	1	36.941	43.117	36.863
2265	2265000	1	36.941	43.098	36.875
2266	2266001	1	36.934	43.113	36.871
2267	2267001	1	36.953	43.102	36.867
2268	2268001	1	36.965	43.117	36.863
2269	2269001	1	36.973	43.109	36.875
2270	2270001	1	36.961	43.125	36.879
2271	2271001	1	36.961	43.129	36.875
2272	2272001	1	36.969	43.109	36.883
2273	2273001	1	36.973	43.141	36.887
2274	2274001	1	36.969	43.133	36.898
2275	2275001	1	36.980	43.129	36.891
2276	2276001	1	36.984	43.141	36.898
2277	2277001	1	36.969	43.156	36.895
2278	2278001	1	36.992	43.145	36.902
2279	2279000	1	37.000	43.168	36.910
2280	2280001	1	37.000	43.152	36.914
2281	2281001	1	36.977	43.156	36.934
2282	2282001	1	36.992	43.160	36.914
2283	2283001	1	37.016	43.152	36.930
2284	2284001	1	37.000	43.168	36.922
2285	2285001	1	37.020	43.172	36.930
2286	2286001	1	37.012	43.176	36.941
2287	2287001	1	37.027	43.160	36.949
2288	2288001	1	37.031	43.191	36.938
2289	2289001	1	37.008	43.191	36.949
2290	2290001	1	37.016	43.156	36.957
2291	2291001	1	37.027	43.168	36.945
2292	2292001	1	37.047	43.191	36.941
2293	2293000	1	37.027	43.184	36.953
2294	2294001	1	37.031	43.203	36.949
2295	2295001	1	37.051	43.187	36.965
2296	2296001	1	37.051	43.207	36.961
2297	2297001	1	37.043	43.207	36.973
2298	2298001	1	37.039	43.211	36.973
2299	2299001	1	37.074	43.203	36.988
